C T 0 1 2 3 0.0 1.0 2.0 3.0 G P
99.0 23.0 150 0 0 0 1.0 0.0 0.0 0.0 0 1.0
98.0 23.0 145 5 0 0 0.96 0.03 0.0 0.0 0 0.96
97.0 23.0 146 4 0 0 0.97 0.02 0.0 0.0 0 0.97
96.0 23.0 142 8 0 0 0.94 0.05 0.0 0.0 0 0.94
95.0 23.0 137 13 0 0 0.91 0.08 0.0 0.0 0 0.91
94.0 23.0 128 22 0 0 0.85 0.14 0.0 0.0 0 0.85
93.0 23.0 83 65 2 0 0.55 0.43 0.01 0.0 0 0.55
92.0 23.0 47 97 6 0 0.31 0.64 0.04 0.0 1 0.64
90.0 23.0 48 94 8 0 0.32 0.62 0.05 0.0 1 0.62
89.0 23.0 28 107 15 0 0.18 0.71 0.1 0.0 1 0.71
88.0 23.0 18 101 31 0 0.12 0.67 0.20 0.0 1 0.67
87.0 23.0 12 106 31 1 0.08 0.70 0.20 0.00 1 0.70
86.0 23.0 10 96 43 1 0.06 0.64 0.28 0.00 1 0.64
85.0 23.0 5 95 48 2 0.03 0.63 0.32 0.01 1 0.63
84.0 23.0 2 59 80 9 0.01 0.39 0.53 0.06 2 0.53
83.0 23.0 0 54 89 7 0.0 0.36 0.59 0.04 2 0.59
82.0 23.0 1 40 89 20 0.00 0.26 0.59 0.13 2 0.59
81.0 23.0 0 35 80 35 0.0 0.23 0.53 0.23 2 0.53
80.0 23.0 0 22 78 50 0.0 0.14 0.52 0.33 2 0.52
79.0 23.0 0 7 41 102 0.0 0.04 0.27 0.68 3 0.68
99.0 30.0 147 3 0 0 0.98 0.02 0.0 0.0 0 0.98
98.0 30.0 142 7 0 1 0.94 0.04 0.0 0.00 0 0.94
97.0 30.0 134 10 0 6 0.89 0.06 0.0 0.04 0 0.89
96.0 30.0 138 8 0 4 0.92 0.05 0.0 0.02 0 0.92
95.0 30.0 140 10 0 0 0.93 0.06 0.0 0.0 0 0.93
94.0 30.0 123 23 0 4 0.82 0.15 0.0 0.02 0 0.82
93.0 30.0 94 50 3 3 0.62 0.33 0.02 0.02 0 0.62
92.0 30.0 41 92 15 2 0.27 0.61 0.1 0.01 1 0.61
90.0 30.0 12 104 32 2 0.08 0.69 0.21 0.01 1 0.69
89.0 30.0 18 103 28 1 0.12 0.68 0.18 0.00 1 0.68
88.0 30.0 17 86 40 7 0.11 0.57 0.26 0.04 1 0.57
87.0 30.0 10 94 43 3 0.06 0.62 0.28 0.02 1 0.62
86.0 30.0 4 65 74 7 0.02 0.43 0.49 0.04 2 0.49
85.0 30.0 3 48 83 16 0.02 0.32 0.55 0.10 2 0.55
84.0 30.0 1 35 91 23 0.00 0.23 0.60 0.15 2 0.60
83.0 30.0 1 37 85 27 0.00 0.24 0.56 0.18 2 0.56
82.0 30.0 0 36 88 26 0.0 0.24 0.58 0.17 2 0.58
81.0 30.0 0 6 48 96 0.0 0.04 0.32 0.64 3 0.64
80.0 30.0 0 8 48 94 0.0 0.05 0.32 0.62 3 0.62
79.0 30.0 0 5 44 101 0.0 0.03 0.29 0.67 3 0.67
99.0 36.0 147 3 0 0 0.98 0.02 0.0 0.0 0 0.98
98.0 36.0 146 4 0 0 0.97 0.02 0.0 0.0 0 0.97
97.0 36.0 138 7 0 5 0.92 0.04 0.0 0.03 0 0.92
96.0 36.0 132 11 0 7 0.88 0.07 0.0 0.04 0 0.88
95.0 36.0 140 9 0 1 0.93 0.06 0.0 0.00 0 0.93
94.0 36.0 98 50 2 0 0.65 0.33 0.01 0.0 0 0.65
93.0 36.0 53 88 9 0 0.35 0.58 0.06 0.0 1 0.58
92.0 36.0 35 99 13 3 0.23 0.66 0.08 0.02 1 0.66
90.0 36.0 23 94 33 0 0.15 0.62 0.22 0.0 1 0.62
89.0 36.0 14 84 47 5 0.09 0.56 0.31 0.03 1 0.56
88.0 36.0 10 85 50 5 0.06 0.56 0.33 0.03 1 0.56
87.0 36.0 3 68 71 8 0.02 0.45 0.47 0.05 2 0.47
86.0 36.0 2 59 77 12 0.01 0.39 0.51 0.08 2 0.51
85.0 36.0 1 41 92 16 0.00 0.27 0.61 0.10 2 0.61
84.0 36.0 0 40 91 19 0.0 0.26 0.60 0.12 2 0.60
83.0 36.0 0 44 88 18 0.0 0.29 0.58 0.12 2 0.58
82.0 36.0 0 28 83 39 0.0 0.18 0.55 0.26 2 0.55
81.0 36.0 0 9 55 86 0.0 0.06 0.36 0.57 3 0.57
80.0 36.0 0 3 46 101 0.0 0.02 0.30 0.67 3 0.67
79.0 36.0 0 4 40 106 0.0 0.02 0.26 0.70 3 0.70
99.0 45.0 149 1 0 0 0.99 0.00 0.0 0.0 0 0.99
98.0 45.0 114 12 1 23 0.76 0.08 0.00 0.15 0 0.76
97.0 45.0 101 20 1 28 0.67 0.13 0.00 0.18 0 0.67
96.0 45.0 99 19 3 29 0.66 0.12 0.02 0.19 0 0.66
95.0 45.0 84 44 7 15 0.56 0.29 0.04 0.1 0 0.56
94.0 45.0 55 75 17 3 0.36 0.5 0.11 0.02 1 0.5
93.0 45.0 20 84 39 7 0.13 0.56 0.26 0.04 1 0.56
92.0 45.0 10 77 53 10 0.06 0.51 0.35 0.06 1 0.51
90.0 45.0 7 59 69 15 0.04 0.39 0.46 0.1 2 0.46
89.0 45.0 2 67 70 11 0.01 0.44 0.46 0.07 2 0.46
88.0 45.0 2 54 78 16 0.01 0.36 0.52 0.10 2 0.52
87.0 45.0 1 49 90 10 0.00 0.32 0.6 0.06 2 0.6
86.0 45.0 1 43 87 19 0.00 0.28 0.58 0.12 2 0.58
85.0 45.0 1 39 84 26 0.00 0.26 0.56 0.17 2 0.56
84.0 45.0 0 40 85 25 0.0 0.26 0.56 0.16 2 0.56
83.0 45.0 0 19 76 55 0.0 0.12 0.50 0.36 2 0.50
82.0 45.0 0 20 64 66 0.0 0.13 0.42 0.44 3 0.44
81.0 45.0 0 14 58 78 0.0 0.09 0.38 0.52 3 0.52
80.0 45.0 0 9 51 90 0.0 0.06 0.34 0.6 3 0.6
79.0 45.0 0 2 45 103 0.0 0.01 0.3 0.68 3 0.68
99.0 50.0 142 7 0 1 0.94 0.04 0.0 0.00 0 0.94
98.0 50.0 97 21 2 30 0.64 0.14 0.01 0.2 0 0.64
97.0 50.0 99 19 2 30 0.66 0.12 0.01 0.2 0 0.66
96.0 50.0 85 31 4 30 0.56 0.20 0.02 0.2 0 0.56
95.0 50.0 55 69 19 7 0.36 0.46 0.12 0.04 1 0.46
94.0 50.0 22 81 42 5 0.14 0.54 0.28 0.03 1 0.54
93.0 50.0 14 83 46 7 0.09 0.55 0.30 0.04 1 0.55
92.0 50.0 6 73 62 9 0.04 0.48 0.41 0.06 1 0.48
90.0 50.0 4 63 71 12 0.02 0.42 0.47 0.08 2 0.47
89.0 50.0 0 62 79 9 0.0 0.41 0.52 0.06 2 0.52
88.0 50.0 0 52 88 10 0.0 0.34 0.58 0.06 2 0.58
87.0 50.0 0 56 80 14 0.0 0.37 0.53 0.09 2 0.53
86.0 50.0 1 42 85 22 0.00 0.28 0.56 0.14 2 0.56
85.0 50.0 0 34 86 30 0.0 0.22 0.57 0.2 2 0.57
84.0 50.0 0 33 75 42 0.0 0.22 0.5 0.28 2 0.5
83.0 50.0 0 15 54 81 0.0 0.1 0.36 0.54 3 0.54
82.0 50.0 0 12 58 80 0.0 0.08 0.38 0.53 3 0.53
81.0 50.0 0 14 58 78 0.0 0.09 0.38 0.52 3 0.52
80.0 50.0 0 3 47 100 0.0 0.02 0.31 0.66 3 0.66
79.0 50.0 0 3 43 104 0.0 0.02 0.28 0.69 3 0.69
99.0 55.0 93 22 3 32 0.62 0.14 0.02 0.21 0 0.62
98.0 55.0 50 60 24 16 0.33 0.4 0.16 0.10 1 0.4
97.0 55.0 39 64 31 16 0.26 0.42 0.20 0.10 1 0.42
96.0 55.0 20 74 46 10 0.13 0.49 0.30 0.06 1 0.49
95.0 55.0 10 89 44 7 0.06 0.59 0.29 0.04 1 0.59
94.0 55.0 5 82 58 5 0.03 0.54 0.38 0.03 1 0.54
93.0 55.0 6 83 57 4 0.04 0.55 0.38 0.02 1 0.55
92.0 55.0 3 74 64 9 0.02 0.49 0.42 0.06 1 0.49
90.0 55.0 2 48 79 21 0.01 0.32 0.52 0.14 2 0.52
89.0 55.0 0 74 68 8 0.0 0.49 0.45 0.05 1 0.49
88.0 55.0 0 56 83 11 0.0 0.37 0.55 0.07 2 0.55
87.0 55.0 0 37 90 23 0.0 0.24 0.6 0.15 2 0.6
86.0 55.0 0 40 81 29 0.0 0.26 0.54 0.19 2 0.54
85.0 55.0 0 39 78 33 0.0 0.26 0.52 0.22 2 0.52
84.0 55.0 0 44 78 28 0.0 0.29 0.52 0.18 2 0.52
83.0 55.0 0 30 78 42 0.0 0.2 0.52 0.28 2 0.52
82.0 55.0 0 9 62 79 0.0 0.06 0.41 0.52 3 0.52
81.0 55.0 0 6 42 102 0.0 0.04 0.28 0.68 3 0.68
80.0 55.0 0 4 42 104 0.0 0.02 0.28 0.69 3 0.69
79.0 55.0 0 3 46 101 0.0 0.02 0.30 0.67 3 0.67
99.0 62.0 38 45 37 30 0.25 0.3 0.24 0.2 1 0.3
98.0 62.0 5 79 53 13 0.03 0.52 0.35 0.08 1 0.52
97.0 62.0 3 85 54 8 0.02 0.56 0.36 0.05 1 0.56
96.0 62.0 1 88 55 6 0.00 0.58 0.36 0.04 1 0.58
95.0 62.0 6 92 48 4 0.04 0.61 0.32 0.02 1 0.61
94.0 62.0 1 77 66 6 0.00 0.51 0.44 0.04 1 0.51
93.0 62.0 1 77 65 7 0.00 0.51 0.43 0.04 1 0.51
92.0 62.0 0 65 80 5 0.0 0.43 0.53 0.03 2 0.53
90.0 62.0 0 62 81 7 0.0 0.41 0.54 0.04 2 0.54
89.0 62.0 0 46 90 14 0.0 0.30 0.6 0.09 2 0.6
88.0 62.0 0 61 80 9 0.0 0.40 0.53 0.06 2 0.53
87.0 62.0 0 42 91 17 0.0 0.28 0.60 0.11 2 0.60
86.0 62.0 0 35 87 28 0.0 0.23 0.58 0.18 2 0.58
85.0 62.0 0 38 86 26 0.0 0.25 0.57 0.17 2 0.57
84.0 62.0 0 27 90 33 0.0 0.18 0.6 0.22 2 0.6
83.0 62.0 0 20 65 65 0.0 0.13 0.43 0.43 2 0.43
82.0 62.0 0 6 53 91 0.0 0.04 0.35 0.60 3 0.60
81.0 62.0 0 7 52 91 0.0 0.04 0.34 0.60 3 0.60
80.0 62.0 0 4 42 104 0.0 0.02 0.28 0.69 3 0.69
79.0 62.0 0 1 41 108 0.0 0.00 0.27 0.72 3 0.72
99.0 68.0 5 78 53 14 0.03 0.52 0.35 0.09 1 0.52
98.0 68.0 5 82 53 10 0.03 0.54 0.35 0.06 1 0.54
97.0 68.0 4 84 52 10 0.02 0.56 0.34 0.06 1 0.56
96.0 68.0 6 80 55 9 0.04 0.53 0.36 0.06 1 0.53
95.0 68.0 3 85 55 7 0.02 0.56 0.36 0.04 1 0.56
94.0 68.0 4 80 58 8 0.02 0.53 0.38 0.05 1 0.53
93.0 68.0 1 72 71 6 0.00 0.48 0.47 0.04 1 0.48
92.0 68.0 0 67 76 7 0.0 0.44 0.50 0.04 2 0.50
90.0 68.0 2 50 87 11 0.01 0.33 0.58 0.07 2 0.58
89.0 68.0 1 75 62 12 0.00 0.5 0.41 0.08 1 0.5
88.0 68.0 0 56 81 13 0.0 0.37 0.54 0.08 2 0.54
87.0 68.0 0 45 92 13 0.0 0.3 0.61 0.08 2 0.61
86.0 68.0 0 33 84 33 0.0 0.22 0.56 0.22 2 0.56
85.0 68.0 0 28 90 32 0.0 0.18 0.6 0.21 2 0.6
84.0 68.0 1 36 83 30 0.00 0.24 0.55 0.2 2 0.55
83.0 68.0 0 33 74 43 0.0 0.22 0.49 0.28 2 0.49
82.0 68.0 0 11 52 87 0.0 0.07 0.34 0.58 3 0.58
81.0 68.0 0 6 50 94 0.0 0.04 0.33 0.62 3 0.62
80.0 68.0 0 2 47 101 0.0 0.01 0.31 0.67 3 0.67
79.0 68.0 0 4 46 100 0.0 0.02 0.30 0.66 3 0.66
