C T 0 1 2 3 0.0 1.0 2.0 3.0 G P
99.0 23.0 150 0 0 0 1.0 0.0 0.0 0.0 0 1.0
98.0 23.0 142 8 0 0 0.94 0.05 0.0 0.0 0 0.94
97.0 23.0 142 8 0 0 0.94 0.05 0.0 0.0 0 0.94
96.0 23.0 144 6 0 0 0.96 0.04 0.0 0.0 0 0.96
95.0 23.0 141 9 0 0 0.94 0.06 0.0 0.0 0 0.94
94.0 23.0 131 19 0 0 0.87 0.12 0.0 0.0 0 0.87
93.0 23.0 80 69 1 0 0.53 0.46 0.00 0.0 0 0.53
92.0 23.0 47 100 3 0 0.31 0.66 0.02 0.0 1 0.66
90.0 23.0 52 74 24 0 0.34 0.49 0.16 0.0 1 0.49
89.0 23.0 41 103 6 0 0.27 0.68 0.04 0.0 1 0.68
88.0 23.0 20 117 13 0 0.13 0.78 0.08 0.0 1 0.78
87.0 23.0 22 107 21 0 0.14 0.71 0.14 0.0 1 0.71
86.0 23.0 17 110 19 4 0.11 0.73 0.12 0.02 1 0.73
85.0 23.0 8 98 41 3 0.05 0.65 0.27 0.02 1 0.65
84.0 23.0 1 35 105 9 0.00 0.23 0.7 0.06 2 0.7
83.0 23.0 3 77 64 6 0.02 0.51 0.42 0.04 1 0.51
82.0 23.0 0 37 105 8 0.0 0.24 0.7 0.05 2 0.7
81.0 23.0 0 25 58 67 0.0 0.16 0.38 0.44 3 0.44
80.0 23.0 0 16 24 110 0.0 0.10 0.16 0.73 3 0.73
79.0 23.0 0 6 12 132 0.0 0.04 0.08 0.88 3 0.88
99.0 30.0 141 9 0 0 0.94 0.06 0.0 0.0 0 0.94
98.0 30.0 143 7 0 0 0.95 0.04 0.0 0.0 0 0.95
97.0 30.0 144 5 1 0 0.96 0.03 0.00 0.0 0 0.96
96.0 30.0 142 6 1 1 0.94 0.04 0.00 0.00 0 0.94
95.0 30.0 141 8 1 0 0.94 0.05 0.00 0.0 0 0.94
94.0 30.0 137 11 2 0 0.91 0.07 0.01 0.0 0 0.91
93.0 30.0 129 17 4 0 0.86 0.11 0.02 0.0 0 0.86
92.0 30.0 43 42 64 1 0.28 0.28 0.42 0.00 2 0.42
90.0 30.0 20 111 18 1 0.13 0.74 0.12 0.00 1 0.74
89.0 30.0 15 63 70 2 0.1 0.42 0.46 0.01 2 0.46
88.0 30.0 12 35 100 3 0.08 0.23 0.66 0.02 2 0.66
87.0 30.0 7 53 86 4 0.04 0.35 0.57 0.02 2 0.57
86.0 30.0 1 38 104 7 0.00 0.25 0.69 0.04 2 0.69
85.0 30.0 0 32 111 7 0.0 0.21 0.74 0.04 2 0.74
84.0 30.0 0 29 106 15 0.0 0.19 0.70 0.1 2 0.70
83.0 30.0 1 31 85 33 0.00 0.20 0.56 0.22 2 0.56
82.0 30.0 0 20 58 72 0.0 0.13 0.38 0.48 3 0.48
81.0 30.0 0 6 16 128 0.0 0.04 0.10 0.85 3 0.85
80.0 30.0 0 5 15 130 0.0 0.03 0.1 0.86 3 0.86
79.0 30.0 0 5 13 132 0.0 0.03 0.08 0.88 3 0.88
99.0 36.0 144 6 0 0 0.96 0.04 0.0 0.0 0 0.96
98.0 36.0 145 5 0 0 0.96 0.03 0.0 0.0 0 0.96
97.0 36.0 142 6 2 0 0.94 0.04 0.01 0.0 0 0.94
96.0 36.0 140 8 1 1 0.93 0.05 0.00 0.00 0 0.93
95.0 36.0 144 6 0 0 0.96 0.04 0.0 0.0 0 0.96
94.0 36.0 113 36 1 0 0.75 0.24 0.00 0.0 0 0.75
93.0 36.0 51 88 11 0 0.34 0.58 0.07 0.0 1 0.58
92.0 36.0 24 44 82 0 0.16 0.29 0.54 0.0 2 0.54
90.0 36.0 20 49 81 0 0.13 0.32 0.54 0.0 2 0.54
89.0 36.0 7 42 99 2 0.04 0.28 0.66 0.01 2 0.66
88.0 36.0 5 36 104 5 0.03 0.24 0.69 0.03 2 0.69
87.0 36.0 6 57 84 3 0.04 0.38 0.56 0.02 2 0.56
86.0 36.0 0 31 106 13 0.0 0.20 0.70 0.08 2 0.70
85.0 36.0 0 37 107 6 0.0 0.24 0.71 0.04 2 0.71
84.0 36.0 0 31 108 11 0.0 0.20 0.72 0.07 2 0.72
83.0 36.0 4 75 54 17 0.02 0.5 0.36 0.11 1 0.5
82.0 36.0 0 34 23 93 0.0 0.22 0.15 0.62 3 0.62
81.0 36.0 0 7 16 127 0.0 0.04 0.10 0.84 3 0.84
80.0 36.0 0 5 13 132 0.0 0.03 0.08 0.88 3 0.88
79.0 36.0 0 9 7 134 0.0 0.06 0.04 0.89 3 0.89
99.0 45.0 145 5 0 0 0.96 0.03 0.0 0.0 0 0.96
98.0 45.0 129 9 3 9 0.86 0.06 0.02 0.06 0 0.86
97.0 45.0 129 7 4 10 0.86 0.04 0.02 0.06 0 0.86
96.0 45.0 131 6 4 9 0.87 0.04 0.02 0.06 0 0.87
95.0 45.0 114 17 9 10 0.76 0.11 0.06 0.06 0 0.76
94.0 45.0 44 36 69 1 0.29 0.24 0.46 0.00 2 0.46
93.0 45.0 11 37 96 6 0.07 0.24 0.64 0.04 2 0.64
92.0 45.0 5 35 102 8 0.03 0.23 0.68 0.05 2 0.68
90.0 45.0 8 28 96 18 0.05 0.18 0.64 0.12 2 0.64
89.0 45.0 1 33 106 10 0.00 0.22 0.70 0.06 2 0.70
88.0 45.0 1 29 99 21 0.00 0.19 0.66 0.14 2 0.66
87.0 45.0 1 37 109 3 0.00 0.24 0.72 0.02 2 0.72
86.0 45.0 0 38 103 9 0.0 0.25 0.68 0.06 2 0.68
85.0 45.0 0 31 96 23 0.0 0.20 0.64 0.15 2 0.64
84.0 45.0 1 36 60 53 0.00 0.24 0.4 0.35 2 0.4
83.0 45.0 0 7 32 111 0.0 0.04 0.21 0.74 3 0.74
82.0 45.0 0 15 19 116 0.0 0.1 0.12 0.77 3 0.77
81.0 45.0 0 18 18 114 0.0 0.12 0.12 0.76 3 0.76
80.0 45.0 2 9 23 116 0.01 0.06 0.15 0.77 3 0.77
79.0 45.0 0 6 12 132 0.0 0.04 0.08 0.88 3 0.88
99.0 50.0 143 7 0 0 0.95 0.04 0.0 0.0 0 0.95
98.0 50.0 119 13 4 14 0.79 0.08 0.02 0.09 0 0.79
97.0 50.0 123 6 7 14 0.82 0.04 0.04 0.09 0 0.82
96.0 50.0 118 8 9 15 0.78 0.05 0.06 0.1 0 0.78
95.0 50.0 41 32 69 8 0.27 0.21 0.46 0.05 2 0.46
94.0 50.0 8 37 100 5 0.05 0.24 0.66 0.03 2 0.66
93.0 50.0 8 38 99 5 0.05 0.25 0.66 0.03 2 0.66
92.0 50.0 5 34 103 8 0.03 0.22 0.68 0.05 2 0.68
90.0 50.0 4 25 100 21 0.02 0.16 0.66 0.14 2 0.66
89.0 50.0 3 60 83 4 0.02 0.4 0.55 0.02 2 0.55
88.0 50.0 4 54 89 3 0.02 0.36 0.59 0.02 2 0.59
87.0 50.0 1 40 103 6 0.00 0.26 0.68 0.04 2 0.68
86.0 50.0 0 27 100 23 0.0 0.18 0.66 0.15 2 0.66
85.0 50.0 0 24 78 48 0.0 0.16 0.52 0.32 2 0.52
84.0 50.0 0 14 35 101 0.0 0.09 0.23 0.67 3 0.67
83.0 50.0 0 4 16 130 0.0 0.02 0.10 0.86 3 0.86
82.0 50.0 0 6 12 132 0.0 0.04 0.08 0.88 3 0.88
81.0 50.0 0 15 14 121 0.0 0.1 0.09 0.80 3 0.80
80.0 50.0 0 6 14 130 0.0 0.04 0.09 0.86 3 0.86
79.0 50.0 0 4 15 131 0.0 0.02 0.1 0.87 3 0.87
99.0 55.0 110 10 8 22 0.73 0.06 0.05 0.14 0 0.73
98.0 55.0 58 26 50 16 0.38 0.17 0.33 0.10 0 0.38
97.0 55.0 56 34 44 16 0.37 0.22 0.29 0.10 0 0.37
96.0 55.0 8 31 97 14 0.05 0.20 0.64 0.09 2 0.64
95.0 55.0 14 105 27 4 0.09 0.7 0.18 0.02 1 0.7
94.0 55.0 8 105 35 2 0.05 0.7 0.23 0.01 1 0.7
93.0 55.0 9 107 30 4 0.06 0.71 0.2 0.02 1 0.71
92.0 55.0 6 103 33 8 0.04 0.68 0.22 0.05 1 0.68
90.0 55.0 1 33 95 21 0.00 0.22 0.63 0.14 2 0.63
89.0 55.0 5 102 36 7 0.03 0.68 0.24 0.04 1 0.68
88.0 55.0 5 92 42 11 0.03 0.61 0.28 0.07 1 0.61
87.0 55.0 0 28 81 41 0.0 0.18 0.54 0.27 2 0.54
86.0 55.0 0 35 95 20 0.0 0.23 0.63 0.13 2 0.63
85.0 55.0 0 19 55 76 0.0 0.12 0.36 0.50 3 0.50
84.0 55.0 4 76 38 32 0.02 0.50 0.25 0.21 1 0.50
83.0 55.0 2 46 35 67 0.01 0.30 0.23 0.44 3 0.44
82.0 55.0 0 6 15 129 0.0 0.04 0.1 0.86 3 0.86
81.0 55.0 0 4 13 133 0.0 0.02 0.08 0.88 3 0.88
80.0 55.0 0 7 13 130 0.0 0.04 0.08 0.86 3 0.86
79.0 55.0 0 5 16 129 0.0 0.03 0.10 0.86 3 0.86
99.0 62.0 56 24 16 54 0.37 0.16 0.10 0.36 0 0.37
98.0 62.0 5 92 40 13 0.03 0.61 0.26 0.08 1 0.61
97.0 62.0 5 106 33 6 0.03 0.70 0.22 0.04 1 0.70
96.0 62.0 7 100 37 6 0.04 0.66 0.24 0.04 1 0.66
95.0 62.0 13 101 33 3 0.08 0.67 0.22 0.02 1 0.67
94.0 62.0 5 100 43 2 0.03 0.66 0.28 0.01 1 0.66
93.0 62.0 5 102 35 8 0.03 0.68 0.23 0.05 1 0.68
92.0 62.0 5 89 50 6 0.03 0.59 0.33 0.04 1 0.59
90.0 62.0 5 85 53 7 0.03 0.56 0.35 0.04 1 0.56
89.0 62.0 3 51 88 8 0.02 0.34 0.58 0.05 2 0.58
88.0 62.0 4 88 51 7 0.02 0.58 0.34 0.04 1 0.58
87.0 62.0 1 46 83 20 0.00 0.30 0.55 0.13 2 0.55
86.0 62.0 0 24 79 47 0.0 0.16 0.52 0.31 2 0.52
85.0 62.0 0 46 58 46 0.0 0.30 0.38 0.30 2 0.38
84.0 62.0 2 48 37 63 0.01 0.32 0.24 0.42 3 0.42
83.0 62.0 0 17 19 114 0.0 0.11 0.12 0.76 3 0.76
82.0 62.0 0 3 17 130 0.0 0.02 0.11 0.86 3 0.86
81.0 62.0 0 20 18 112 0.0 0.13 0.12 0.74 3 0.74
80.0 62.0 0 4 13 133 0.0 0.02 0.08 0.88 3 0.88
79.0 62.0 0 3 12 135 0.0 0.02 0.08 0.9 3 0.9
99.0 68.0 7 102 32 9 0.04 0.68 0.21 0.06 1 0.68
98.0 68.0 5 107 32 6 0.03 0.71 0.21 0.04 1 0.71
97.0 68.0 7 107 29 7 0.04 0.71 0.19 0.04 1 0.71
96.0 68.0 6 106 32 6 0.04 0.70 0.21 0.04 1 0.70
95.0 68.0 6 110 31 3 0.04 0.73 0.20 0.02 1 0.73
94.0 68.0 5 108 34 3 0.03 0.72 0.22 0.02 1 0.72
93.0 68.0 6 101 38 5 0.04 0.67 0.25 0.03 1 0.67
92.0 68.0 4 87 54 5 0.02 0.58 0.36 0.03 1 0.58
90.0 68.0 1 47 96 6 0.00 0.31 0.64 0.04 2 0.64
89.0 68.0 5 106 29 10 0.03 0.70 0.19 0.06 1 0.70
88.0 68.0 5 90 42 13 0.03 0.6 0.28 0.08 1 0.6
87.0 68.0 4 77 58 11 0.02 0.51 0.38 0.07 1 0.51
86.0 68.0 0 27 79 44 0.0 0.18 0.52 0.29 2 0.52
85.0 68.0 2 31 51 66 0.01 0.20 0.34 0.44 3 0.44
84.0 68.0 1 46 42 61 0.00 0.30 0.28 0.40 3 0.40
83.0 68.0 3 63 25 59 0.02 0.42 0.16 0.39 1 0.42
82.0 68.0 0 8 12 130 0.0 0.05 0.08 0.86 3 0.86
81.0 68.0 0 3 16 131 0.0 0.02 0.10 0.87 3 0.87
80.0 68.0 0 8 13 129 0.0 0.05 0.08 0.86 3 0.86
79.0 68.0 0 7 16 127 0.0 0.04 0.10 0.84 3 0.84
