C T 0 1 2 3 0.0 1.0 2.0 3.0 G P
99.0 23.0 150 0 0 0 1.0 0.0 0.0 0.0 0 1.0
98.0 23.0 147 3 0 0 0.98 0.02 0.0 0.0 0 0.98
97.0 23.0 147 3 0 0 0.98 0.02 0.0 0.0 0 0.98
96.0 23.0 146 4 0 0 0.97 0.02 0.0 0.0 0 0.97
95.0 23.0 143 7 0 0 0.95 0.04 0.0 0.0 0 0.95
94.0 23.0 135 15 0 0 0.9 0.1 0.0 0.0 0 0.9
93.0 23.0 116 34 0 0 0.77 0.22 0.0 0.0 0 0.77
92.0 23.0 97 53 0 0 0.64 0.35 0.0 0.0 0 0.64
90.0 23.0 92 58 0 0 0.61 0.38 0.0 0.0 0 0.61
89.0 23.0 88 62 0 0 0.58 0.41 0.0 0.0 0 0.58
88.0 23.0 81 69 0 0 0.54 0.46 0.0 0.0 0 0.54
87.0 23.0 78 72 0 0 0.52 0.48 0.0 0.0 0 0.52
86.0 23.0 69 81 0 0 0.46 0.54 0.0 0.0 1 0.54
85.0 23.0 60 90 0 0 0.4 0.6 0.0 0.0 1 0.6
84.0 23.0 46 104 0 0 0.30 0.69 0.0 0.0 1 0.69
83.0 23.0 34 116 0 0 0.22 0.77 0.0 0.0 1 0.77
82.0 23.0 30 120 0 0 0.2 0.8 0.0 0.0 1 0.8
81.0 23.0 28 122 0 0 0.18 0.81 0.0 0.0 1 0.81
80.0 23.0 18 132 0 0 0.12 0.88 0.0 0.0 1 0.88
79.0 23.0 15 135 0 0 0.1 0.9 0.0 0.0 1 0.9
99.0 30.0 146 4 0 0 0.97 0.02 0.0 0.0 0 0.97
98.0 30.0 144 6 0 0 0.96 0.04 0.0 0.0 0 0.96
97.0 30.0 145 5 0 0 0.96 0.03 0.0 0.0 0 0.96
96.0 30.0 143 7 0 0 0.95 0.04 0.0 0.0 0 0.95
95.0 30.0 144 6 0 0 0.96 0.04 0.0 0.0 0 0.96
94.0 30.0 133 17 0 0 0.88 0.11 0.0 0.0 0 0.88
93.0 30.0 109 41 0 0 0.72 0.27 0.0 0.0 0 0.72
92.0 30.0 87 63 0 0 0.58 0.42 0.0 0.0 0 0.58
90.0 30.0 79 71 0 0 0.52 0.47 0.0 0.0 0 0.52
89.0 30.0 76 74 0 0 0.50 0.49 0.0 0.0 0 0.50
88.0 30.0 71 79 0 0 0.47 0.52 0.0 0.0 1 0.52
87.0 30.0 59 91 0 0 0.39 0.60 0.0 0.0 1 0.60
86.0 30.0 46 104 0 0 0.30 0.69 0.0 0.0 1 0.69
85.0 30.0 32 118 0 0 0.21 0.78 0.0 0.0 1 0.78
84.0 30.0 26 124 0 0 0.17 0.82 0.0 0.0 1 0.82
83.0 30.0 24 126 0 0 0.16 0.84 0.0 0.0 1 0.84
82.0 30.0 20 130 0 0 0.13 0.86 0.0 0.0 1 0.86
81.0 30.0 21 129 0 0 0.14 0.86 0.0 0.0 1 0.86
80.0 30.0 14 136 0 0 0.09 0.90 0.0 0.0 1 0.90
79.0 30.0 13 137 0 0 0.08 0.91 0.0 0.0 1 0.91
99.0 36.0 147 3 0 0 0.98 0.02 0.0 0.0 0 0.98
98.0 36.0 148 2 0 0 0.98 0.01 0.0 0.0 0 0.98
97.0 36.0 147 3 0 0 0.98 0.02 0.0 0.0 0 0.98
96.0 36.0 143 7 0 0 0.95 0.04 0.0 0.0 0 0.95
95.0 36.0 145 5 0 0 0.96 0.03 0.0 0.0 0 0.96
94.0 36.0 121 29 0 0 0.80 0.19 0.0 0.0 0 0.80
93.0 36.0 94 56 0 0 0.62 0.37 0.0 0.0 0 0.62
92.0 36.0 82 68 0 0 0.54 0.45 0.0 0.0 0 0.54
90.0 36.0 77 73 0 0 0.51 0.48 0.0 0.0 0 0.51
89.0 36.0 66 84 0 0 0.44 0.56 0.0 0.0 1 0.56
88.0 36.0 60 90 0 0 0.4 0.6 0.0 0.0 1 0.6
87.0 36.0 51 99 0 0 0.34 0.66 0.0 0.0 1 0.66
86.0 36.0 45 105 0 0 0.3 0.7 0.0 0.0 1 0.7
85.0 36.0 30 120 0 0 0.2 0.8 0.0 0.0 1 0.8
84.0 36.0 25 125 0 0 0.16 0.83 0.0 0.0 1 0.83
83.0 36.0 24 126 0 0 0.16 0.84 0.0 0.0 1 0.84
82.0 36.0 24 126 0 0 0.16 0.84 0.0 0.0 1 0.84
81.0 36.0 11 139 0 0 0.07 0.92 0.0 0.0 1 0.92
80.0 36.0 16 134 0 0 0.10 0.89 0.0 0.0 1 0.89
79.0 36.0 16 134 0 0 0.10 0.89 0.0 0.0 1 0.89
99.0 45.0 149 1 0 0 0.99 0.00 0.0 0.0 0 0.99
98.0 45.0 144 6 0 0 0.96 0.04 0.0 0.0 0 0.96
97.0 45.0 141 9 0 0 0.94 0.06 0.0 0.0 0 0.94
96.0 45.0 131 19 0 0 0.87 0.12 0.0 0.0 0 0.87
95.0 45.0 98 52 0 0 0.65 0.34 0.0 0.0 0 0.65
94.0 45.0 93 57 0 0 0.62 0.38 0.0 0.0 0 0.62
93.0 45.0 76 74 0 0 0.50 0.49 0.0 0.0 0 0.50
92.0 45.0 65 85 0 0 0.43 0.56 0.0 0.0 1 0.56
90.0 45.0 58 92 0 0 0.38 0.61 0.0 0.0 1 0.61
89.0 45.0 48 102 0 0 0.32 0.68 0.0 0.0 1 0.68
88.0 45.0 52 98 0 0 0.34 0.65 0.0 0.0 1 0.65
87.0 45.0 33 117 0 0 0.22 0.78 0.0 0.0 1 0.78
86.0 45.0 29 121 0 0 0.19 0.80 0.0 0.0 1 0.80
85.0 45.0 33 117 0 0 0.22 0.78 0.0 0.0 1 0.78
84.0 45.0 18 132 0 0 0.12 0.88 0.0 0.0 1 0.88
83.0 45.0 21 129 0 0 0.14 0.86 0.0 0.0 1 0.86
82.0 45.0 12 138 0 0 0.08 0.92 0.0 0.0 1 0.92
81.0 45.0 10 140 0 0 0.06 0.93 0.0 0.0 1 0.93
80.0 45.0 10 140 0 0 0.06 0.93 0.0 0.0 1 0.93
79.0 45.0 16 134 0 0 0.10 0.89 0.0 0.0 1 0.89
99.0 50.0 146 4 0 0 0.97 0.02 0.0 0.0 0 0.97
98.0 50.0 129 21 0 0 0.86 0.14 0.0 0.0 0 0.86
97.0 50.0 120 30 0 0 0.8 0.2 0.0 0.0 0 0.8
96.0 50.0 103 47 0 0 0.68 0.31 0.0 0.0 0 0.68
95.0 50.0 85 65 0 0 0.56 0.43 0.0 0.0 0 0.56
94.0 50.0 76 74 0 0 0.50 0.49 0.0 0.0 0 0.50
93.0 50.0 71 79 0 0 0.47 0.52 0.0 0.0 1 0.52
92.0 50.0 60 90 0 0 0.4 0.6 0.0 0.0 1 0.6
90.0 50.0 62 88 0 0 0.41 0.58 0.0 0.0 1 0.58
89.0 50.0 37 113 0 0 0.24 0.75 0.0 0.0 1 0.75
88.0 50.0 36 114 0 0 0.24 0.76 0.0 0.0 1 0.76
87.0 50.0 31 119 0 0 0.20 0.79 0.0 0.0 1 0.79
86.0 50.0 24 126 0 0 0.16 0.84 0.0 0.0 1 0.84
85.0 50.0 27 123 0 0 0.18 0.82 0.0 0.0 1 0.82
84.0 50.0 29 121 0 0 0.19 0.80 0.0 0.0 1 0.80
83.0 50.0 17 133 0 0 0.11 0.88 0.0 0.0 1 0.88
82.0 50.0 11 139 0 0 0.07 0.92 0.0 0.0 1 0.92
81.0 50.0 13 137 0 0 0.08 0.91 0.0 0.0 1 0.91
80.0 50.0 16 134 0 0 0.10 0.89 0.0 0.0 1 0.89
79.0 50.0 16 134 0 0 0.10 0.89 0.0 0.0 1 0.89
99.0 55.0 105 45 0 0 0.7 0.3 0.0 0.0 0 0.7
98.0 55.0 84 66 0 0 0.56 0.44 0.0 0.0 0 0.56
97.0 55.0 80 70 0 0 0.53 0.46 0.0 0.0 0 0.53
96.0 55.0 78 72 0 0 0.52 0.48 0.0 0.0 0 0.52
95.0 55.0 77 73 0 0 0.51 0.48 0.0 0.0 0 0.51
94.0 55.0 58 92 0 0 0.38 0.61 0.0 0.0 1 0.61
93.0 55.0 50 100 0 0 0.33 0.66 0.0 0.0 1 0.66
92.0 55.0 41 109 0 0 0.27 0.72 0.0 0.0 1 0.72
90.0 55.0 42 108 0 0 0.28 0.72 0.0 0.0 1 0.72
89.0 55.0 49 101 0 0 0.32 0.67 0.0 0.0 1 0.67
88.0 55.0 32 118 0 0 0.21 0.78 0.0 0.0 1 0.78
87.0 55.0 31 119 0 0 0.20 0.79 0.0 0.0 1 0.79
86.0 55.0 27 123 0 0 0.18 0.82 0.0 0.0 1 0.82
85.0 55.0 33 117 0 0 0.22 0.78 0.0 0.0 1 0.78
84.0 55.0 23 127 0 0 0.15 0.84 0.0 0.0 1 0.84
83.0 55.0 20 130 0 0 0.13 0.86 0.0 0.0 1 0.86
82.0 55.0 14 136 0 0 0.09 0.90 0.0 0.0 1 0.90
81.0 55.0 8 142 0 0 0.05 0.94 0.0 0.0 1 0.94
80.0 55.0 12 138 0 0 0.08 0.92 0.0 0.0 1 0.92
79.0 55.0 18 132 0 0 0.12 0.88 0.0 0.0 1 0.88
99.0 62.0 66 84 0 0 0.44 0.56 0.0 0.0 1 0.56
98.0 62.0 63 87 0 0 0.42 0.58 0.0 0.0 1 0.58
97.0 62.0 57 93 0 0 0.38 0.62 0.0 0.0 1 0.62
96.0 62.0 54 96 0 0 0.36 0.64 0.0 0.0 1 0.64
95.0 62.0 58 92 0 0 0.38 0.61 0.0 0.0 1 0.61
94.0 62.0 48 102 0 0 0.32 0.68 0.0 0.0 1 0.68
93.0 62.0 49 101 0 0 0.32 0.67 0.0 0.0 1 0.67
92.0 62.0 41 109 0 0 0.27 0.72 0.0 0.0 1 0.72
90.0 62.0 36 114 0 0 0.24 0.76 0.0 0.0 1 0.76
89.0 62.0 32 118 0 0 0.21 0.78 0.0 0.0 1 0.78
88.0 62.0 35 115 0 0 0.23 0.76 0.0 0.0 1 0.76
87.0 62.0 28 122 0 0 0.18 0.81 0.0 0.0 1 0.81
86.0 62.0 20 130 0 0 0.13 0.86 0.0 0.0 1 0.86
85.0 62.0 26 124 0 0 0.17 0.82 0.0 0.0 1 0.82
84.0 62.0 19 131 0 0 0.12 0.87 0.0 0.0 1 0.87
83.0 62.0 13 137 0 0 0.08 0.91 0.0 0.0 1 0.91
82.0 62.0 11 139 0 0 0.07 0.92 0.0 0.0 1 0.92
81.0 62.0 14 136 0 0 0.09 0.90 0.0 0.0 1 0.90
80.0 62.0 15 135 0 0 0.1 0.9 0.0 0.0 1 0.9
79.0 62.0 13 137 0 0 0.08 0.91 0.0 0.0 1 0.91
99.0 68.0 68 82 0 0 0.45 0.54 0.0 0.0 1 0.54
98.0 68.0 61 89 0 0 0.40 0.59 0.0 0.0 1 0.59
97.0 68.0 59 91 0 0 0.39 0.60 0.0 0.0 1 0.60
96.0 68.0 60 90 0 0 0.4 0.6 0.0 0.0 1 0.6
95.0 68.0 55 95 0 0 0.36 0.63 0.0 0.0 1 0.63
94.0 68.0 54 96 0 0 0.36 0.64 0.0 0.0 1 0.64
93.0 68.0 44 106 0 0 0.29 0.70 0.0 0.0 1 0.70
92.0 68.0 35 115 0 0 0.23 0.76 0.0 0.0 1 0.76
90.0 68.0 34 116 0 0 0.22 0.77 0.0 0.0 1 0.77
89.0 68.0 47 103 0 0 0.31 0.68 0.0 0.0 1 0.68
88.0 68.0 32 118 0 0 0.21 0.78 0.0 0.0 1 0.78
87.0 68.0 28 122 0 0 0.18 0.81 0.0 0.0 1 0.81
86.0 68.0 28 122 0 0 0.18 0.81 0.0 0.0 1 0.81
85.0 68.0 26 124 0 0 0.17 0.82 0.0 0.0 1 0.82
84.0 68.0 22 128 0 0 0.14 0.85 0.0 0.0 1 0.85
83.0 68.0 16 134 0 0 0.10 0.89 0.0 0.0 1 0.89
82.0 68.0 10 140 0 0 0.06 0.93 0.0 0.0 1 0.93
81.0 68.0 12 138 0 0 0.08 0.92 0.0 0.0 1 0.92
80.0 68.0 17 133 0 0 0.11 0.88 0.0 0.0 1 0.88
79.0 68.0 16 134 0 0 0.10 0.89 0.0 0.0 1 0.89
