C T 0 1 2 3 0.0 1.0 2.0 3.0 G P
99.0 23.0 150 0 0 0 1.0 0.0 0.0 0.0 0 1.0
98.0 23.0 149 1 0 0 0.99 0.00 0.0 0.0 0 0.99
97.0 23.0 149 1 0 0 0.99 0.00 0.0 0.0 0 0.99
96.0 23.0 148 2 0 0 0.98 0.01 0.0 0.0 0 0.98
95.0 23.0 149 1 0 0 0.99 0.00 0.0 0.0 0 0.99
94.0 23.0 144 6 0 0 0.96 0.04 0.0 0.0 0 0.96
93.0 23.0 130 20 0 0 0.86 0.13 0.0 0.0 0 0.86
92.0 23.0 102 48 0 0 0.68 0.32 0.0 0.0 0 0.68
90.0 23.0 112 38 0 0 0.74 0.25 0.0 0.0 0 0.74
89.0 23.0 88 62 0 0 0.58 0.41 0.0 0.0 0 0.58
88.0 23.0 75 75 0 0 0.5 0.5 0.0 0.0 0 0.5
87.0 23.0 76 74 0 0 0.50 0.49 0.0 0.0 0 0.50
86.0 23.0 68 82 0 0 0.45 0.54 0.0 0.0 1 0.54
85.0 23.0 64 86 0 0 0.42 0.57 0.0 0.0 1 0.57
84.0 23.0 56 94 0 0 0.37 0.62 0.0 0.0 1 0.62
83.0 23.0 49 101 0 0 0.32 0.67 0.0 0.0 1 0.67
82.0 23.0 19 131 0 0 0.12 0.87 0.0 0.0 1 0.87
81.0 23.0 7 143 0 0 0.04 0.95 0.0 0.0 1 0.95
80.0 23.0 5 145 0 0 0.03 0.96 0.0 0.0 1 0.96
79.0 23.0 11 139 0 0 0.07 0.92 0.0 0.0 1 0.92
99.0 30.0 149 1 0 0 0.99 0.00 0.0 0.0 0 0.99
98.0 30.0 148 2 0 0 0.98 0.01 0.0 0.0 0 0.98
97.0 30.0 149 1 0 0 0.99 0.00 0.0 0.0 0 0.99
96.0 30.0 149 1 0 0 0.99 0.00 0.0 0.0 0 0.99
95.0 30.0 149 1 0 0 0.99 0.00 0.0 0.0 0 0.99
94.0 30.0 142 8 0 0 0.94 0.05 0.0 0.0 0 0.94
93.0 30.0 145 5 0 0 0.96 0.03 0.0 0.0 0 0.96
92.0 30.0 109 41 0 0 0.72 0.27 0.0 0.0 0 0.72
90.0 30.0 74 76 0 0 0.49 0.50 0.0 0.0 1 0.50
89.0 30.0 79 71 0 0 0.52 0.47 0.0 0.0 0 0.52
88.0 30.0 87 63 0 0 0.58 0.42 0.0 0.0 0 0.58
87.0 30.0 73 77 0 0 0.48 0.51 0.0 0.0 1 0.51
86.0 30.0 54 96 0 0 0.36 0.64 0.0 0.0 1 0.64
85.0 30.0 30 120 0 0 0.2 0.8 0.0 0.0 1 0.8
84.0 30.0 8 142 0 0 0.05 0.94 0.0 0.0 1 0.94
83.0 30.0 12 138 0 0 0.08 0.92 0.0 0.0 1 0.92
82.0 30.0 3 147 0 0 0.02 0.98 0.0 0.0 1 0.98
81.0 30.0 13 137 0 0 0.08 0.91 0.0 0.0 1 0.91
80.0 30.0 3 147 0 0 0.02 0.98 0.0 0.0 1 0.98
79.0 30.0 3 147 0 0 0.02 0.98 0.0 0.0 1 0.98
99.0 36.0 148 2 0 0 0.98 0.01 0.0 0.0 0 0.98
98.0 36.0 148 2 0 0 0.98 0.01 0.0 0.0 0 0.98
97.0 36.0 149 1 0 0 0.99 0.00 0.0 0.0 0 0.99
96.0 36.0 148 2 0 0 0.98 0.01 0.0 0.0 0 0.98
95.0 36.0 147 3 0 0 0.98 0.02 0.0 0.0 0 0.98
94.0 36.0 141 9 0 0 0.94 0.06 0.0 0.0 0 0.94
93.0 36.0 110 40 0 0 0.73 0.26 0.0 0.0 0 0.73
92.0 36.0 102 48 0 0 0.68 0.32 0.0 0.0 0 0.68
90.0 36.0 91 59 0 0 0.60 0.39 0.0 0.0 0 0.60
89.0 36.0 88 62 0 0 0.58 0.41 0.0 0.0 0 0.58
88.0 36.0 73 77 0 0 0.48 0.51 0.0 0.0 1 0.51
87.0 36.0 61 89 0 0 0.40 0.59 0.0 0.0 1 0.59
86.0 36.0 44 106 0 0 0.29 0.70 0.0 0.0 1 0.70
85.0 36.0 25 125 0 0 0.16 0.83 0.0 0.0 1 0.83
84.0 36.0 15 135 0 0 0.1 0.9 0.0 0.0 1 0.9
83.0 36.0 22 128 0 0 0.14 0.85 0.0 0.0 1 0.85
82.0 36.0 5 145 0 0 0.03 0.96 0.0 0.0 1 0.96
81.0 36.0 5 145 0 0 0.03 0.96 0.0 0.0 1 0.96
80.0 36.0 4 146 0 0 0.02 0.97 0.0 0.0 1 0.97
79.0 36.0 1 149 0 0 0.00 0.99 0.0 0.0 1 0.99
99.0 45.0 149 1 0 0 0.99 0.00 0.0 0.0 0 0.99
98.0 45.0 131 19 0 0 0.87 0.12 0.0 0.0 0 0.87
97.0 45.0 120 30 0 0 0.8 0.2 0.0 0.0 0 0.8
96.0 45.0 128 22 0 0 0.85 0.14 0.0 0.0 0 0.85
95.0 45.0 133 17 0 0 0.88 0.11 0.0 0.0 0 0.88
94.0 45.0 131 19 0 0 0.87 0.12 0.0 0.0 0 0.87
93.0 45.0 96 54 0 0 0.64 0.36 0.0 0.0 0 0.64
92.0 45.0 79 71 0 0 0.52 0.47 0.0 0.0 0 0.52
90.0 45.0 56 94 0 0 0.37 0.62 0.0 0.0 1 0.62
89.0 45.0 51 99 0 0 0.34 0.66 0.0 0.0 1 0.66
88.0 45.0 39 111 0 0 0.26 0.74 0.0 0.0 1 0.74
87.0 45.0 41 109 0 0 0.27 0.72 0.0 0.0 1 0.72
86.0 45.0 17 133 0 0 0.11 0.88 0.0 0.0 1 0.88
85.0 45.0 19 131 0 0 0.12 0.87 0.0 0.0 1 0.87
84.0 45.0 5 145 0 0 0.03 0.96 0.0 0.0 1 0.96
83.0 45.0 8 142 0 0 0.05 0.94 0.0 0.0 1 0.94
82.0 45.0 3 147 0 0 0.02 0.98 0.0 0.0 1 0.98
81.0 45.0 1 149 0 0 0.00 0.99 0.0 0.0 1 0.99
80.0 45.0 3 147 0 0 0.02 0.98 0.0 0.0 1 0.98
79.0 45.0 2 148 0 0 0.01 0.98 0.0 0.0 1 0.98
99.0 50.0 149 1 0 0 0.99 0.00 0.0 0.0 0 0.99
98.0 50.0 107 43 0 0 0.71 0.28 0.0 0.0 0 0.71
97.0 50.0 119 31 0 0 0.79 0.20 0.0 0.0 0 0.79
96.0 50.0 109 41 0 0 0.72 0.27 0.0 0.0 0 0.72
95.0 50.0 126 24 0 0 0.84 0.16 0.0 0.0 0 0.84
94.0 50.0 94 56 0 0 0.62 0.37 0.0 0.0 0 0.62
93.0 50.0 84 66 0 0 0.56 0.44 0.0 0.0 0 0.56
92.0 50.0 67 83 0 0 0.44 0.55 0.0 0.0 1 0.55
90.0 50.0 52 98 0 0 0.34 0.65 0.0 0.0 1 0.65
89.0 50.0 48 102 0 0 0.32 0.68 0.0 0.0 1 0.68
88.0 50.0 46 104 0 0 0.30 0.69 0.0 0.0 1 0.69
87.0 50.0 37 113 0 0 0.24 0.75 0.0 0.0 1 0.75
86.0 50.0 11 139 0 0 0.07 0.92 0.0 0.0 1 0.92
85.0 50.0 8 142 0 0 0.05 0.94 0.0 0.0 1 0.94
84.0 50.0 14 136 0 0 0.09 0.90 0.0 0.0 1 0.90
83.0 50.0 6 144 0 0 0.04 0.96 0.0 0.0 1 0.96
82.0 50.0 2 148 0 0 0.01 0.98 0.0 0.0 1 0.98
81.0 50.0 5 145 0 0 0.03 0.96 0.0 0.0 1 0.96
80.0 50.0 4 146 0 0 0.02 0.97 0.0 0.0 1 0.97
79.0 50.0 2 148 0 0 0.01 0.98 0.0 0.0 1 0.98
99.0 55.0 95 55 0 0 0.63 0.36 0.0 0.0 0 0.63
98.0 55.0 108 42 0 0 0.72 0.28 0.0 0.0 0 0.72
97.0 55.0 96 54 0 0 0.64 0.36 0.0 0.0 0 0.64
96.0 55.0 103 47 0 0 0.68 0.31 0.0 0.0 0 0.68
95.0 55.0 69 81 0 0 0.46 0.54 0.0 0.0 1 0.54
94.0 55.0 68 82 0 0 0.45 0.54 0.0 0.0 1 0.54
93.0 55.0 59 91 0 0 0.39 0.60 0.0 0.0 1 0.60
92.0 55.0 55 95 0 0 0.36 0.63 0.0 0.0 1 0.63
90.0 55.0 41 109 0 0 0.27 0.72 0.0 0.0 1 0.72
89.0 55.0 55 95 0 0 0.36 0.63 0.0 0.0 1 0.63
88.0 55.0 45 105 0 0 0.3 0.7 0.0 0.0 1 0.7
87.0 55.0 24 126 0 0 0.16 0.84 0.0 0.0 1 0.84
86.0 55.0 14 136 0 0 0.09 0.90 0.0 0.0 1 0.90
85.0 55.0 19 131 0 0 0.12 0.87 0.0 0.0 1 0.87
84.0 55.0 17 133 0 0 0.11 0.88 0.0 0.0 1 0.88
83.0 55.0 7 143 0 0 0.04 0.95 0.0 0.0 1 0.95
82.0 55.0 2 148 0 0 0.01 0.98 0.0 0.0 1 0.98
81.0 55.0 3 147 0 0 0.02 0.98 0.0 0.0 1 0.98
80.0 55.0 1 149 0 0 0.00 0.99 0.0 0.0 1 0.99
79.0 55.0 0 150 0 0 0.0 1.0 0.0 0.0 1 1.0
99.0 62.0 70 80 0 0 0.46 0.53 0.0 0.0 1 0.53
98.0 62.0 64 86 0 0 0.42 0.57 0.0 0.0 1 0.57
97.0 62.0 66 84 0 0 0.44 0.56 0.0 0.0 1 0.56
96.0 62.0 63 87 0 0 0.42 0.58 0.0 0.0 1 0.58
95.0 62.0 65 85 0 0 0.43 0.56 0.0 0.0 1 0.56
94.0 62.0 54 96 0 0 0.36 0.64 0.0 0.0 1 0.64
93.0 62.0 60 90 0 0 0.4 0.6 0.0 0.0 1 0.6
92.0 62.0 51 99 0 0 0.34 0.66 0.0 0.0 1 0.66
90.0 62.0 47 103 0 0 0.31 0.68 0.0 0.0 1 0.68
89.0 62.0 43 107 0 0 0.28 0.71 0.0 0.0 1 0.71
88.0 62.0 47 103 0 0 0.31 0.68 0.0 0.0 1 0.68
87.0 62.0 22 128 0 0 0.14 0.85 0.0 0.0 1 0.85
86.0 62.0 6 144 0 0 0.04 0.96 0.0 0.0 1 0.96
85.0 62.0 4 146 0 0 0.02 0.97 0.0 0.0 1 0.97
84.0 62.0 7 143 0 0 0.04 0.95 0.0 0.0 1 0.95
83.0 62.0 3 147 0 0 0.02 0.98 0.0 0.0 1 0.98
82.0 62.0 2 148 0 0 0.01 0.98 0.0 0.0 1 0.98
81.0 62.0 3 147 0 0 0.02 0.98 0.0 0.0 1 0.98
80.0 62.0 3 147 0 0 0.02 0.98 0.0 0.0 1 0.98
79.0 62.0 0 150 0 0 0.0 1.0 0.0 0.0 1 1.0
99.0 68.0 63 87 0 0 0.42 0.58 0.0 0.0 1 0.58
98.0 68.0 62 88 0 0 0.41 0.58 0.0 0.0 1 0.58
97.0 68.0 60 90 0 0 0.4 0.6 0.0 0.0 1 0.6
96.0 68.0 64 86 0 0 0.42 0.57 0.0 0.0 1 0.57
95.0 68.0 59 91 0 0 0.39 0.60 0.0 0.0 1 0.60
94.0 68.0 60 90 0 0 0.4 0.6 0.0 0.0 1 0.6
93.0 68.0 53 97 0 0 0.35 0.64 0.0 0.0 1 0.64
92.0 68.0 48 102 0 0 0.32 0.68 0.0 0.0 1 0.68
90.0 68.0 41 109 0 0 0.27 0.72 0.0 0.0 1 0.72
89.0 68.0 54 96 0 0 0.36 0.64 0.0 0.0 1 0.64
88.0 68.0 46 104 0 0 0.30 0.69 0.0 0.0 1 0.69
87.0 68.0 31 119 0 0 0.20 0.79 0.0 0.0 1 0.79
86.0 68.0 10 140 0 0 0.06 0.93 0.0 0.0 1 0.93
85.0 68.0 9 141 0 0 0.06 0.94 0.0 0.0 1 0.94
84.0 68.0 9 141 0 0 0.06 0.94 0.0 0.0 1 0.94
83.0 68.0 6 144 0 0 0.04 0.96 0.0 0.0 1 0.96
82.0 68.0 3 147 0 0 0.02 0.98 0.0 0.0 1 0.98
81.0 68.0 1 149 0 0 0.00 0.99 0.0 0.0 1 0.99
80.0 68.0 2 148 0 0 0.01 0.98 0.0 0.0 1 0.98
79.0 68.0 1 149 0 0 0.00 0.99 0.0 0.0 1 0.99
