C T 0 1 2 3 0.0 1.0 2.0 3.0 G P
99.0 23.0 150 0 0 0 1.0 0.0 0.0 0.0 0 1.0
98.0 23.0 149 1 0 0 0.99 0.00 0.0 0.0 0 0.99
97.0 23.0 149 1 0 0 0.99 0.00 0.0 0.0 0 0.99
96.0 23.0 148 2 0 0 0.98 0.01 0.0 0.0 0 0.98
95.0 23.0 149 1 0 0 0.99 0.00 0.0 0.0 0 0.99
94.0 23.0 145 5 0 0 0.96 0.03 0.0 0.0 0 0.96
93.0 23.0 139 11 0 0 0.92 0.07 0.0 0.0 0 0.92
92.0 23.0 128 22 0 0 0.85 0.14 0.0 0.0 0 0.85
90.0 23.0 138 12 0 0 0.92 0.08 0.0 0.0 0 0.92
89.0 23.0 105 45 0 0 0.7 0.3 0.0 0.0 0 0.7
88.0 23.0 76 74 0 0 0.50 0.49 0.0 0.0 0 0.50
87.0 23.0 81 69 0 0 0.54 0.46 0.0 0.0 0 0.54
86.0 23.0 71 79 0 0 0.47 0.52 0.0 0.0 1 0.52
85.0 23.0 70 80 0 0 0.46 0.53 0.0 0.0 1 0.53
84.0 23.0 56 94 0 0 0.37 0.62 0.0 0.0 1 0.62
83.0 23.0 50 100 0 0 0.33 0.66 0.0 0.0 1 0.66
82.0 23.0 16 134 0 0 0.10 0.89 0.0 0.0 1 0.89
81.0 23.0 8 142 0 0 0.05 0.94 0.0 0.0 1 0.94
80.0 23.0 5 145 0 0 0.03 0.96 0.0 0.0 1 0.96
79.0 23.0 19 131 0 0 0.12 0.87 0.0 0.0 1 0.87
99.0 30.0 149 1 0 0 0.99 0.00 0.0 0.0 0 0.99
98.0 30.0 149 1 0 0 0.99 0.00 0.0 0.0 0 0.99
97.0 30.0 149 1 0 0 0.99 0.00 0.0 0.0 0 0.99
96.0 30.0 149 1 0 0 0.99 0.00 0.0 0.0 0 0.99
95.0 30.0 149 1 0 0 0.99 0.00 0.0 0.0 0 0.99
94.0 30.0 145 5 0 0 0.96 0.03 0.0 0.0 0 0.96
93.0 30.0 146 4 0 0 0.97 0.02 0.0 0.0 0 0.97
92.0 30.0 138 12 0 0 0.92 0.08 0.0 0.0 0 0.92
90.0 30.0 75 75 0 0 0.5 0.5 0.0 0.0 0 0.5
89.0 30.0 105 45 0 0 0.7 0.3 0.0 0.0 0 0.7
88.0 30.0 105 45 0 0 0.7 0.3 0.0 0.0 0 0.7
87.0 30.0 86 64 0 0 0.57 0.42 0.0 0.0 0 0.57
86.0 30.0 58 92 0 0 0.38 0.61 0.0 0.0 1 0.61
85.0 30.0 23 127 0 0 0.15 0.84 0.0 0.0 1 0.84
84.0 30.0 7 143 0 0 0.04 0.95 0.0 0.0 1 0.95
83.0 30.0 12 138 0 0 0.08 0.92 0.0 0.0 1 0.92
82.0 30.0 4 146 0 0 0.02 0.97 0.0 0.0 1 0.97
81.0 30.0 26 124 0 0 0.17 0.82 0.0 0.0 1 0.82
80.0 30.0 4 146 0 0 0.02 0.97 0.0 0.0 1 0.97
79.0 30.0 6 144 0 0 0.04 0.96 0.0 0.0 1 0.96
99.0 36.0 148 2 0 0 0.98 0.01 0.0 0.0 0 0.98
98.0 36.0 149 1 0 0 0.99 0.00 0.0 0.0 0 0.99
97.0 36.0 149 1 0 0 0.99 0.00 0.0 0.0 0 0.99
96.0 36.0 148 2 0 0 0.98 0.01 0.0 0.0 0 0.98
95.0 36.0 147 3 0 0 0.98 0.02 0.0 0.0 0 0.98
94.0 36.0 144 6 0 0 0.96 0.04 0.0 0.0 0 0.96
93.0 36.0 125 25 0 0 0.83 0.16 0.0 0.0 0 0.83
92.0 36.0 136 14 0 0 0.90 0.09 0.0 0.0 0 0.90
90.0 36.0 119 31 0 0 0.79 0.20 0.0 0.0 0 0.79
89.0 36.0 119 31 0 0 0.79 0.20 0.0 0.0 0 0.79
88.0 36.0 93 57 0 0 0.62 0.38 0.0 0.0 0 0.62
87.0 36.0 64 86 0 0 0.42 0.57 0.0 0.0 1 0.57
86.0 36.0 51 99 0 0 0.34 0.66 0.0 0.0 1 0.66
85.0 36.0 21 129 0 0 0.14 0.86 0.0 0.0 1 0.86
84.0 36.0 13 137 0 0 0.08 0.91 0.0 0.0 1 0.91
83.0 36.0 17 133 0 0 0.11 0.88 0.0 0.0 1 0.88
82.0 36.0 6 144 0 0 0.04 0.96 0.0 0.0 1 0.96
81.0 36.0 5 145 0 0 0.03 0.96 0.0 0.0 1 0.96
80.0 36.0 12 138 0 0 0.08 0.92 0.0 0.0 1 0.92
79.0 36.0 1 149 0 0 0.00 0.99 0.0 0.0 1 0.99
99.0 45.0 149 1 0 0 0.99 0.00 0.0 0.0 0 0.99
98.0 45.0 130 20 0 0 0.86 0.13 0.0 0.0 0 0.86
97.0 45.0 117 33 0 0 0.78 0.22 0.0 0.0 0 0.78
96.0 45.0 125 25 0 0 0.83 0.16 0.0 0.0 0 0.83
95.0 45.0 133 17 0 0 0.88 0.11 0.0 0.0 0 0.88
94.0 45.0 144 6 0 0 0.96 0.04 0.0 0.0 0 0.96
93.0 45.0 133 17 0 0 0.88 0.11 0.0 0.0 0 0.88
92.0 45.0 100 50 0 0 0.66 0.33 0.0 0.0 0 0.66
90.0 45.0 75 75 0 0 0.5 0.5 0.0 0.0 0 0.5
89.0 45.0 57 93 0 0 0.38 0.62 0.0 0.0 1 0.62
88.0 45.0 50 100 0 0 0.33 0.66 0.0 0.0 1 0.66
87.0 45.0 38 112 0 0 0.25 0.74 0.0 0.0 1 0.74
86.0 45.0 18 132 0 0 0.12 0.88 0.0 0.0 1 0.88
85.0 45.0 20 130 0 0 0.13 0.86 0.0 0.0 1 0.86
84.0 45.0 4 146 0 0 0.02 0.97 0.0 0.0 1 0.97
83.0 45.0 11 139 0 0 0.07 0.92 0.0 0.0 1 0.92
82.0 45.0 3 147 0 0 0.02 0.98 0.0 0.0 1 0.98
81.0 45.0 1 149 0 0 0.00 0.99 0.0 0.0 1 0.99
80.0 45.0 3 147 0 0 0.02 0.98 0.0 0.0 1 0.98
79.0 45.0 2 148 0 0 0.01 0.98 0.0 0.0 1 0.98
99.0 50.0 149 1 0 0 0.99 0.00 0.0 0.0 0 0.99
98.0 50.0 105 45 0 0 0.7 0.3 0.0 0.0 0 0.7
97.0 50.0 115 35 0 0 0.76 0.23 0.0 0.0 0 0.76
96.0 50.0 105 45 0 0 0.7 0.3 0.0 0.0 0 0.7
95.0 50.0 133 17 0 0 0.88 0.11 0.0 0.0 0 0.88
94.0 50.0 129 21 0 0 0.86 0.14 0.0 0.0 0 0.86
93.0 50.0 112 38 0 0 0.74 0.25 0.0 0.0 0 0.74
92.0 50.0 82 68 0 0 0.54 0.45 0.0 0.0 0 0.54
90.0 50.0 62 88 0 0 0.41 0.58 0.0 0.0 1 0.58
89.0 50.0 50 100 0 0 0.33 0.66 0.0 0.0 1 0.66
88.0 50.0 46 104 0 0 0.30 0.69 0.0 0.0 1 0.69
87.0 50.0 26 124 0 0 0.17 0.82 0.0 0.0 1 0.82
86.0 50.0 12 138 0 0 0.08 0.92 0.0 0.0 1 0.92
85.0 50.0 10 140 0 0 0.06 0.93 0.0 0.0 1 0.93
84.0 50.0 21 129 0 0 0.14 0.86 0.0 0.0 1 0.86
83.0 50.0 8 142 0 0 0.05 0.94 0.0 0.0 1 0.94
82.0 50.0 2 148 0 0 0.01 0.98 0.0 0.0 1 0.98
81.0 50.0 5 145 0 0 0.03 0.96 0.0 0.0 1 0.96
80.0 50.0 4 146 0 0 0.02 0.97 0.0 0.0 1 0.97
79.0 50.0 5 145 0 0 0.03 0.96 0.0 0.0 1 0.96
99.0 55.0 96 54 0 0 0.64 0.36 0.0 0.0 0 0.64
98.0 55.0 110 40 0 0 0.73 0.26 0.0 0.0 0 0.73
97.0 55.0 101 49 0 0 0.67 0.32 0.0 0.0 0 0.67
96.0 55.0 119 31 0 0 0.79 0.20 0.0 0.0 0 0.79
95.0 55.0 72 78 0 0 0.48 0.52 0.0 0.0 1 0.52
94.0 55.0 68 82 0 0 0.45 0.54 0.0 0.0 1 0.54
93.0 55.0 60 90 0 0 0.4 0.6 0.0 0.0 1 0.6
92.0 55.0 56 94 0 0 0.37 0.62 0.0 0.0 1 0.62
90.0 55.0 44 106 0 0 0.29 0.70 0.0 0.0 1 0.70
89.0 55.0 55 95 0 0 0.36 0.63 0.0 0.0 1 0.63
88.0 55.0 42 108 0 0 0.28 0.72 0.0 0.0 1 0.72
87.0 55.0 30 120 0 0 0.2 0.8 0.0 0.0 1 0.8
86.0 55.0 14 136 0 0 0.09 0.90 0.0 0.0 1 0.90
85.0 55.0 31 119 0 0 0.20 0.79 0.0 0.0 1 0.79
84.0 55.0 14 136 0 0 0.09 0.90 0.0 0.0 1 0.90
83.0 55.0 6 144 0 0 0.04 0.96 0.0 0.0 1 0.96
82.0 55.0 2 148 0 0 0.01 0.98 0.0 0.0 1 0.98
81.0 55.0 3 147 0 0 0.02 0.98 0.0 0.0 1 0.98
80.0 55.0 1 149 0 0 0.00 0.99 0.0 0.0 1 0.99
79.0 55.0 0 150 0 0 0.0 1.0 0.0 0.0 1 1.0
99.0 62.0 77 73 0 0 0.51 0.48 0.0 0.0 0 0.51
98.0 62.0 65 85 0 0 0.43 0.56 0.0 0.0 1 0.56
97.0 62.0 67 83 0 0 0.44 0.55 0.0 0.0 1 0.55
96.0 62.0 63 87 0 0 0.42 0.58 0.0 0.0 1 0.58
95.0 62.0 68 82 0 0 0.45 0.54 0.0 0.0 1 0.54
94.0 62.0 56 94 0 0 0.37 0.62 0.0 0.0 1 0.62
93.0 62.0 60 90 0 0 0.4 0.6 0.0 0.0 1 0.6
92.0 62.0 50 100 0 0 0.33 0.66 0.0 0.0 1 0.66
90.0 62.0 46 104 0 0 0.30 0.69 0.0 0.0 1 0.69
89.0 62.0 40 110 0 0 0.26 0.73 0.0 0.0 1 0.73
88.0 62.0 44 106 0 0 0.29 0.70 0.0 0.0 1 0.70
87.0 62.0 17 133 0 0 0.11 0.88 0.0 0.0 1 0.88
86.0 62.0 6 144 0 0 0.04 0.96 0.0 0.0 1 0.96
85.0 62.0 4 146 0 0 0.02 0.97 0.0 0.0 1 0.97
84.0 62.0 5 145 0 0 0.03 0.96 0.0 0.0 1 0.96
83.0 62.0 3 147 0 0 0.02 0.98 0.0 0.0 1 0.98
82.0 62.0 5 145 0 0 0.03 0.96 0.0 0.0 1 0.96
81.0 62.0 3 147 0 0 0.02 0.98 0.0 0.0 1 0.98
80.0 62.0 7 143 0 0 0.04 0.95 0.0 0.0 1 0.95
79.0 62.0 2 148 0 0 0.01 0.98 0.0 0.0 1 0.98
99.0 68.0 63 87 0 0 0.42 0.58 0.0 0.0 1 0.58
98.0 68.0 64 86 0 0 0.42 0.57 0.0 0.0 1 0.57
97.0 68.0 60 90 0 0 0.4 0.6 0.0 0.0 1 0.6
96.0 68.0 65 85 0 0 0.43 0.56 0.0 0.0 1 0.56
95.0 68.0 60 90 0 0 0.4 0.6 0.0 0.0 1 0.6
94.0 68.0 61 89 0 0 0.40 0.59 0.0 0.0 1 0.59
93.0 68.0 53 97 0 0 0.35 0.64 0.0 0.0 1 0.64
92.0 68.0 49 101 0 0 0.32 0.67 0.0 0.0 1 0.67
90.0 68.0 39 111 0 0 0.26 0.74 0.0 0.0 1 0.74
89.0 68.0 55 95 0 0 0.36 0.63 0.0 0.0 1 0.63
88.0 68.0 41 109 0 0 0.27 0.72 0.0 0.0 1 0.72
87.0 68.0 26 124 0 0 0.17 0.82 0.0 0.0 1 0.82
86.0 68.0 14 136 0 0 0.09 0.90 0.0 0.0 1 0.90
85.0 68.0 7 143 0 0 0.04 0.95 0.0 0.0 1 0.95
84.0 68.0 7 143 0 0 0.04 0.95 0.0 0.0 1 0.95
83.0 68.0 5 145 0 0 0.03 0.96 0.0 0.0 1 0.96
82.0 68.0 2 148 0 0 0.01 0.98 0.0 0.0 1 0.98
81.0 68.0 1 149 0 0 0.00 0.99 0.0 0.0 1 0.99
80.0 68.0 2 148 0 0 0.01 0.98 0.0 0.0 1 0.98
79.0 68.0 1 149 0 0 0.00 0.99 0.0 0.0 1 0.99
