C T 0 1 2 3 0.0 1.0 2.0 3.0 G P
99.0 23.0 150 0 0 0 1.0 0.0 0.0 0.0 0 1.0
98.0 23.0 146 4 0 0 0.97 0.02 0.0 0.0 0 0.97
97.0 23.0 146 4 0 0 0.97 0.02 0.0 0.0 0 0.97
96.0 23.0 147 3 0 0 0.98 0.02 0.0 0.0 0 0.98
95.0 23.0 144 6 0 0 0.96 0.04 0.0 0.0 0 0.96
94.0 23.0 139 11 0 0 0.92 0.07 0.0 0.0 0 0.92
93.0 23.0 118 32 0 0 0.78 0.21 0.0 0.0 0 0.78
92.0 23.0 78 72 0 0 0.52 0.48 0.0 0.0 0 0.52
90.0 23.0 66 84 0 0 0.44 0.56 0.0 0.0 1 0.56
89.0 23.0 49 101 0 0 0.32 0.67 0.0 0.0 1 0.67
88.0 23.0 30 120 0 0 0.2 0.8 0.0 0.0 1 0.8
87.0 23.0 26 123 1 0 0.17 0.82 0.00 0.0 1 0.82
86.0 23.0 23 124 3 0 0.15 0.82 0.02 0.0 1 0.82
85.0 23.0 14 132 4 0 0.09 0.88 0.02 0.0 1 0.88
84.0 23.0 5 124 21 0 0.03 0.82 0.14 0.0 1 0.82
83.0 23.0 1 126 23 0 0.00 0.84 0.15 0.0 1 0.84
82.0 23.0 1 101 48 0 0.00 0.67 0.32 0.0 1 0.67
81.0 23.0 1 62 87 0 0.00 0.41 0.58 0.0 2 0.58
80.0 23.0 0 34 116 0 0.0 0.22 0.77 0.0 2 0.77
79.0 23.0 0 14 136 0 0.0 0.09 0.90 0.0 2 0.90
99.0 30.0 146 4 0 0 0.97 0.02 0.0 0.0 0 0.97
98.0 30.0 145 5 0 0 0.96 0.03 0.0 0.0 0 0.96
97.0 30.0 146 2 2 0 0.97 0.01 0.01 0.0 0 0.97
96.0 30.0 147 2 1 0 0.98 0.01 0.00 0.0 0 0.98
95.0 30.0 145 5 0 0 0.96 0.03 0.0 0.0 0 0.96
94.0 30.0 139 11 0 0 0.92 0.07 0.0 0.0 0 0.92
93.0 30.0 120 30 0 0 0.8 0.2 0.0 0.0 0 0.8
92.0 30.0 58 90 2 0 0.38 0.6 0.01 0.0 1 0.6
90.0 30.0 26 122 2 0 0.17 0.81 0.01 0.0 1 0.81
89.0 30.0 27 123 0 0 0.18 0.82 0.0 0.0 1 0.82
88.0 30.0 24 117 9 0 0.16 0.78 0.06 0.0 1 0.78
87.0 30.0 18 128 4 0 0.12 0.85 0.02 0.0 1 0.85
86.0 30.0 7 124 19 0 0.04 0.82 0.12 0.0 1 0.82
85.0 30.0 1 120 29 0 0.00 0.8 0.19 0.0 1 0.8
84.0 30.0 1 89 60 0 0.00 0.59 0.4 0.0 1 0.59
83.0 30.0 1 80 69 0 0.00 0.53 0.46 0.0 1 0.53
82.0 30.0 0 59 91 0 0.0 0.39 0.60 0.0 2 0.60
81.0 30.0 0 16 134 0 0.0 0.10 0.89 0.0 2 0.89
80.0 30.0 0 17 133 0 0.0 0.11 0.88 0.0 2 0.88
79.0 30.0 0 15 135 0 0.0 0.1 0.9 0.0 2 0.9
99.0 36.0 146 4 0 0 0.97 0.02 0.0 0.0 0 0.97
98.0 36.0 148 2 0 0 0.98 0.01 0.0 0.0 0 0.98
97.0 36.0 144 3 3 0 0.96 0.02 0.02 0.0 0 0.96
96.0 36.0 144 4 2 0 0.96 0.02 0.01 0.0 0 0.96
95.0 36.0 146 4 0 0 0.97 0.02 0.0 0.0 0 0.97
94.0 36.0 121 29 0 0 0.80 0.19 0.0 0.0 0 0.80
93.0 36.0 82 68 0 0 0.54 0.45 0.0 0.0 0 0.54
92.0 36.0 40 109 1 0 0.26 0.72 0.00 0.0 1 0.72
90.0 36.0 31 116 3 0 0.20 0.77 0.02 0.0 1 0.77
89.0 36.0 21 121 8 0 0.14 0.80 0.05 0.0 1 0.80
88.0 36.0 17 124 9 0 0.11 0.82 0.06 0.0 1 0.82
87.0 36.0 10 125 15 0 0.06 0.83 0.1 0.0 1 0.83
86.0 36.0 3 114 33 0 0.02 0.76 0.22 0.0 1 0.76
85.0 36.0 2 107 41 0 0.01 0.71 0.27 0.0 1 0.71
84.0 36.0 1 94 55 0 0.00 0.62 0.36 0.0 1 0.62
83.0 36.0 1 100 49 0 0.00 0.66 0.32 0.0 1 0.66
82.0 36.0 0 39 111 0 0.0 0.26 0.74 0.0 2 0.74
81.0 36.0 0 20 130 0 0.0 0.13 0.86 0.0 2 0.86
80.0 36.0 0 13 137 0 0.0 0.08 0.91 0.0 2 0.91
79.0 36.0 0 19 131 0 0.0 0.12 0.87 0.0 2 0.87
99.0 45.0 150 0 0 0 1.0 0.0 0.0 0.0 0 1.0
98.0 45.0 137 5 8 0 0.91 0.03 0.05 0.0 0 0.91
97.0 45.0 136 5 9 0 0.90 0.03 0.06 0.0 0 0.90
96.0 45.0 136 7 7 0 0.90 0.04 0.04 0.0 0 0.90
95.0 45.0 109 37 4 0 0.72 0.24 0.02 0.0 0 0.72
94.0 45.0 67 83 0 0 0.44 0.55 0.0 0.0 1 0.55
93.0 45.0 29 114 7 0 0.19 0.76 0.04 0.0 1 0.76
92.0 45.0 12 126 12 0 0.08 0.84 0.08 0.0 1 0.84
90.0 45.0 12 110 28 0 0.08 0.73 0.18 0.0 1 0.73
89.0 45.0 4 120 26 0 0.02 0.8 0.17 0.0 1 0.8
88.0 45.0 6 103 41 0 0.04 0.68 0.27 0.0 1 0.68
87.0 45.0 1 119 30 0 0.00 0.79 0.2 0.0 1 0.79
86.0 45.0 0 97 53 0 0.0 0.64 0.35 0.0 1 0.64
85.0 45.0 2 89 59 0 0.01 0.59 0.39 0.0 1 0.59
84.0 45.0 0 75 75 0 0.0 0.5 0.5 0.0 1 0.5
83.0 45.0 1 30 119 0 0.00 0.2 0.79 0.0 2 0.79
82.0 45.0 0 27 123 0 0.0 0.18 0.82 0.0 2 0.82
81.0 45.0 0 23 127 0 0.0 0.15 0.84 0.0 2 0.84
80.0 45.0 1 18 131 0 0.00 0.12 0.87 0.0 2 0.87
79.0 45.0 0 18 132 0 0.0 0.12 0.88 0.0 2 0.88
99.0 50.0 145 4 1 0 0.96 0.02 0.00 0.0 0 0.96
98.0 50.0 132 9 9 0 0.88 0.06 0.06 0.0 0 0.88
97.0 50.0 132 9 9 0 0.88 0.06 0.06 0.0 0 0.88
96.0 50.0 111 29 10 0 0.74 0.19 0.06 0.0 0 0.74
95.0 50.0 58 86 6 0 0.38 0.57 0.04 0.0 1 0.57
94.0 50.0 29 115 6 0 0.19 0.76 0.04 0.0 1 0.76
93.0 50.0 14 125 11 0 0.09 0.83 0.07 0.0 1 0.83
92.0 50.0 11 122 17 0 0.07 0.81 0.11 0.0 1 0.81
90.0 50.0 10 106 34 0 0.06 0.70 0.22 0.0 1 0.70
89.0 50.0 2 131 17 0 0.01 0.87 0.11 0.0 1 0.87
88.0 50.0 1 123 26 0 0.00 0.82 0.17 0.0 1 0.82
87.0 50.0 2 114 34 0 0.01 0.76 0.22 0.0 1 0.76
86.0 50.0 0 88 62 0 0.0 0.58 0.41 0.0 1 0.58
85.0 50.0 0 76 74 0 0.0 0.50 0.49 0.0 1 0.50
84.0 50.0 1 56 93 0 0.00 0.37 0.62 0.0 2 0.62
83.0 50.0 1 19 130 0 0.00 0.12 0.86 0.0 2 0.86
82.0 50.0 1 16 133 0 0.00 0.10 0.88 0.0 2 0.88
81.0 50.0 0 22 128 0 0.0 0.14 0.85 0.0 2 0.85
80.0 50.0 0 14 136 0 0.0 0.09 0.90 0.0 2 0.90
79.0 50.0 0 14 136 0 0.0 0.09 0.90 0.0 2 0.90
99.0 55.0 126 13 11 0 0.84 0.08 0.07 0.0 0 0.84
98.0 55.0 45 92 13 0 0.3 0.61 0.08 0.0 1 0.61
97.0 55.0 35 96 19 0 0.23 0.64 0.12 0.0 1 0.64
96.0 55.0 20 114 16 0 0.13 0.76 0.10 0.0 1 0.76
95.0 55.0 24 119 7 0 0.16 0.79 0.04 0.0 1 0.79
94.0 55.0 11 135 4 0 0.07 0.9 0.02 0.0 1 0.9
93.0 55.0 8 134 8 0 0.05 0.89 0.05 0.0 1 0.89
92.0 55.0 4 134 12 0 0.02 0.89 0.08 0.0 1 0.89
90.0 55.0 2 109 39 0 0.01 0.72 0.26 0.0 1 0.72
89.0 55.0 4 131 15 0 0.02 0.87 0.1 0.0 1 0.87
88.0 55.0 1 125 24 0 0.00 0.83 0.16 0.0 1 0.83
87.0 55.0 1 86 63 0 0.00 0.57 0.42 0.0 1 0.57
86.0 55.0 1 90 59 0 0.00 0.6 0.39 0.0 1 0.6
85.0 55.0 2 80 68 0 0.01 0.53 0.45 0.0 1 0.53
84.0 55.0 2 83 65 0 0.01 0.55 0.43 0.0 1 0.55
83.0 55.0 1 33 116 0 0.00 0.22 0.77 0.0 2 0.77
82.0 55.0 0 22 128 0 0.0 0.14 0.85 0.0 2 0.85
81.0 55.0 0 19 131 0 0.0 0.12 0.87 0.0 2 0.87
80.0 55.0 0 16 134 0 0.0 0.10 0.89 0.0 2 0.89
79.0 55.0 2 16 132 0 0.01 0.10 0.88 0.0 2 0.88
99.0 62.0 29 91 30 0 0.19 0.60 0.2 0.0 1 0.60
98.0 62.0 11 127 12 0 0.07 0.84 0.08 0.0 1 0.84
97.0 62.0 11 137 2 0 0.07 0.91 0.01 0.0 1 0.91
96.0 62.0 9 135 6 0 0.06 0.9 0.04 0.0 1 0.9
95.0 62.0 12 133 5 0 0.08 0.88 0.03 0.0 1 0.88
94.0 62.0 5 133 12 0 0.03 0.88 0.08 0.0 1 0.88
93.0 62.0 5 132 13 0 0.03 0.88 0.08 0.0 1 0.88
92.0 62.0 5 131 14 0 0.03 0.87 0.09 0.0 1 0.87
90.0 62.0 3 133 14 0 0.02 0.88 0.09 0.0 1 0.88
89.0 62.0 0 124 26 0 0.0 0.82 0.17 0.0 1 0.82
88.0 62.0 3 128 19 0 0.02 0.85 0.12 0.0 1 0.85
87.0 62.0 1 100 49 0 0.00 0.66 0.32 0.0 1 0.66
86.0 62.0 1 81 68 0 0.00 0.54 0.45 0.0 1 0.54
85.0 62.0 0 75 75 0 0.0 0.5 0.5 0.0 1 0.5
84.0 62.0 0 58 92 0 0.0 0.38 0.61 0.0 2 0.61
83.0 62.0 0 24 126 0 0.0 0.16 0.84 0.0 2 0.84
82.0 62.0 0 15 135 0 0.0 0.1 0.9 0.0 2 0.9
81.0 62.0 0 18 132 0 0.0 0.12 0.88 0.0 2 0.88
80.0 62.0 0 14 136 0 0.0 0.09 0.90 0.0 2 0.90
79.0 62.0 1 14 135 0 0.00 0.09 0.9 0.0 2 0.9
99.0 68.0 12 123 15 0 0.08 0.82 0.1 0.0 1 0.82
98.0 68.0 12 131 7 0 0.08 0.87 0.04 0.0 1 0.87
97.0 68.0 11 131 8 0 0.07 0.87 0.05 0.0 1 0.87
96.0 68.0 13 127 10 0 0.08 0.84 0.06 0.0 1 0.84
95.0 68.0 9 133 8 0 0.06 0.88 0.05 0.0 1 0.88
94.0 68.0 10 132 8 0 0.06 0.88 0.05 0.0 1 0.88
93.0 68.0 5 132 13 0 0.03 0.88 0.08 0.0 1 0.88
92.0 68.0 3 132 15 0 0.02 0.88 0.1 0.0 1 0.88
90.0 68.0 2 121 27 0 0.01 0.80 0.18 0.0 1 0.80
89.0 68.0 5 134 11 0 0.03 0.89 0.07 0.0 1 0.89
88.0 68.0 3 122 25 0 0.02 0.81 0.16 0.0 1 0.81
87.0 68.0 1 110 39 0 0.00 0.73 0.26 0.0 1 0.73
86.0 68.0 0 78 72 0 0.0 0.52 0.48 0.0 1 0.52
85.0 68.0 0 57 93 0 0.0 0.38 0.62 0.0 2 0.62
84.0 68.0 1 65 84 0 0.00 0.43 0.56 0.0 2 0.56
83.0 68.0 2 52 96 0 0.01 0.34 0.64 0.0 2 0.64
82.0 68.0 0 19 131 0 0.0 0.12 0.87 0.0 2 0.87
81.0 68.0 0 15 135 0 0.0 0.1 0.9 0.0 2 0.9
80.0 68.0 1 12 137 0 0.00 0.08 0.91 0.0 2 0.91
79.0 68.0 0 15 135 0 0.0 0.1 0.9 0.0 2 0.9
