C T 0 1 2 3 0.0 1.0 2.0 3.0 G P
99.0 23.0 150 0 0 0 1.0 0.0 0.0 0.0 0 1.0
98.0 23.0 145 5 0 0 0.96 0.03 0.0 0.0 0 0.96
97.0 23.0 143 7 0 0 0.95 0.04 0.0 0.0 0 0.95
96.0 23.0 145 5 0 0 0.96 0.03 0.0 0.0 0 0.96
95.0 23.0 142 8 0 0 0.94 0.05 0.0 0.0 0 0.94
94.0 23.0 134 16 0 0 0.89 0.10 0.0 0.0 0 0.89
93.0 23.0 85 65 0 0 0.56 0.43 0.0 0.0 0 0.56
92.0 23.0 57 93 0 0 0.38 0.62 0.0 0.0 1 0.62
90.0 23.0 88 62 0 0 0.58 0.41 0.0 0.0 0 0.58
89.0 23.0 45 105 0 0 0.3 0.7 0.0 0.0 1 0.7
88.0 23.0 31 119 0 0 0.20 0.79 0.0 0.0 1 0.79
87.0 23.0 31 119 0 0 0.20 0.79 0.0 0.0 1 0.79
86.0 23.0 25 121 4 0 0.16 0.80 0.02 0.0 1 0.80
85.0 23.0 25 123 2 0 0.16 0.82 0.01 0.0 1 0.82
84.0 23.0 11 99 40 0 0.07 0.66 0.26 0.0 1 0.66
83.0 23.0 5 124 21 0 0.03 0.82 0.14 0.0 1 0.82
82.0 23.0 1 49 100 0 0.00 0.32 0.66 0.0 2 0.66
81.0 23.0 0 20 130 0 0.0 0.13 0.86 0.0 2 0.86
80.0 23.0 0 15 135 0 0.0 0.1 0.9 0.0 2 0.9
79.0 23.0 0 18 132 0 0.0 0.12 0.88 0.0 2 0.88
99.0 30.0 143 7 0 0 0.95 0.04 0.0 0.0 0 0.95
98.0 30.0 142 8 0 0 0.94 0.05 0.0 0.0 0 0.94
97.0 30.0 141 7 2 0 0.94 0.04 0.01 0.0 0 0.94
96.0 30.0 143 6 1 0 0.95 0.04 0.00 0.0 0 0.95
95.0 30.0 142 8 0 0 0.94 0.05 0.0 0.0 0 0.94
94.0 30.0 140 10 0 0 0.93 0.06 0.0 0.0 0 0.93
93.0 30.0 138 12 0 0 0.92 0.08 0.0 0.0 0 0.92
92.0 30.0 114 36 0 0 0.76 0.24 0.0 0.0 0 0.76
90.0 30.0 27 121 2 0 0.18 0.80 0.01 0.0 1 0.80
89.0 30.0 62 85 3 0 0.41 0.56 0.02 0.0 1 0.56
88.0 30.0 72 75 3 0 0.48 0.5 0.02 0.0 1 0.5
87.0 30.0 45 104 1 0 0.3 0.69 0.00 0.0 1 0.69
86.0 30.0 17 112 21 0 0.11 0.74 0.14 0.0 1 0.74
85.0 30.0 3 91 56 0 0.02 0.60 0.37 0.0 1 0.60
84.0 30.0 0 35 115 0 0.0 0.23 0.76 0.0 2 0.76
83.0 30.0 1 21 128 0 0.00 0.14 0.85 0.0 2 0.85
82.0 30.0 0 30 120 0 0.0 0.2 0.8 0.0 2 0.8
81.0 30.0 0 18 132 0 0.0 0.12 0.88 0.0 2 0.88
80.0 30.0 0 14 136 0 0.0 0.09 0.90 0.0 2 0.90
79.0 30.0 0 16 134 0 0.0 0.10 0.89 0.0 2 0.89
99.0 36.0 146 4 0 0 0.97 0.02 0.0 0.0 0 0.97
98.0 36.0 145 5 0 0 0.96 0.03 0.0 0.0 0 0.96
97.0 36.0 143 6 1 0 0.95 0.04 0.00 0.0 0 0.95
96.0 36.0 141 8 1 0 0.94 0.05 0.00 0.0 0 0.94
95.0 36.0 143 7 0 0 0.95 0.04 0.0 0.0 0 0.95
94.0 36.0 123 27 0 0 0.82 0.18 0.0 0.0 0 0.82
93.0 36.0 66 84 0 0 0.44 0.56 0.0 0.0 1 0.56
92.0 36.0 94 56 0 0 0.62 0.37 0.0 0.0 0 0.62
90.0 36.0 68 81 1 0 0.45 0.54 0.00 0.0 1 0.54
89.0 36.0 87 62 1 0 0.58 0.41 0.00 0.0 0 0.58
88.0 36.0 73 73 4 0 0.48 0.48 0.02 0.0 0 0.48
87.0 36.0 12 123 15 0 0.08 0.82 0.1 0.0 1 0.82
86.0 36.0 15 56 79 0 0.1 0.37 0.52 0.0 2 0.52
85.0 36.0 1 52 97 0 0.00 0.34 0.64 0.0 2 0.64
84.0 36.0 0 47 103 0 0.0 0.31 0.68 0.0 2 0.68
83.0 36.0 4 100 46 0 0.02 0.66 0.30 0.0 1 0.66
82.0 36.0 1 39 110 0 0.00 0.26 0.73 0.0 2 0.73
81.0 36.0 0 17 133 0 0.0 0.11 0.88 0.0 2 0.88
80.0 36.0 0 10 140 0 0.0 0.06 0.93 0.0 2 0.93
79.0 36.0 0 11 139 0 0.0 0.07 0.92 0.0 2 0.92
99.0 45.0 146 4 0 0 0.97 0.02 0.0 0.0 0 0.97
98.0 45.0 138 9 3 0 0.92 0.06 0.02 0.0 0 0.92
97.0 45.0 136 10 4 0 0.90 0.06 0.02 0.0 0 0.90
96.0 45.0 133 13 4 0 0.88 0.08 0.02 0.0 0 0.88
95.0 45.0 132 15 3 0 0.88 0.1 0.02 0.0 0 0.88
94.0 45.0 131 18 1 0 0.87 0.12 0.00 0.0 0 0.87
93.0 45.0 119 30 1 0 0.79 0.2 0.00 0.0 0 0.79
92.0 45.0 95 48 7 0 0.63 0.32 0.04 0.0 0 0.63
90.0 45.0 75 37 38 0 0.5 0.24 0.25 0.0 0 0.5
89.0 45.0 36 74 40 0 0.24 0.49 0.26 0.0 1 0.49
88.0 45.0 17 42 91 0 0.11 0.28 0.60 0.0 2 0.60
87.0 45.0 3 90 57 0 0.02 0.6 0.38 0.0 1 0.6
86.0 45.0 2 46 102 0 0.01 0.30 0.68 0.0 2 0.68
85.0 45.0 1 30 119 0 0.00 0.2 0.79 0.0 2 0.79
84.0 45.0 1 42 107 0 0.00 0.28 0.71 0.0 2 0.71
83.0 45.0 0 14 136 0 0.0 0.09 0.90 0.0 2 0.90
82.0 45.0 0 23 127 0 0.0 0.15 0.84 0.0 2 0.84
81.0 45.0 0 23 127 0 0.0 0.15 0.84 0.0 2 0.84
80.0 45.0 1 18 131 0 0.00 0.12 0.87 0.0 2 0.87
79.0 45.0 0 11 139 0 0.0 0.07 0.92 0.0 2 0.92
99.0 50.0 143 7 0 0 0.95 0.04 0.0 0.0 0 0.95
98.0 50.0 130 14 6 0 0.86 0.09 0.04 0.0 0 0.86
97.0 50.0 132 13 5 0 0.88 0.08 0.03 0.0 0 0.88
96.0 50.0 125 16 9 0 0.83 0.10 0.06 0.0 0 0.83
95.0 50.0 131 17 2 0 0.87 0.11 0.01 0.0 0 0.87
94.0 50.0 108 40 2 0 0.72 0.26 0.01 0.0 0 0.72
93.0 50.0 100 46 4 0 0.66 0.30 0.02 0.0 0 0.66
92.0 50.0 75 63 12 0 0.5 0.42 0.08 0.0 0 0.5
90.0 50.0 42 42 66 0 0.28 0.28 0.44 0.0 2 0.44
89.0 50.0 4 122 24 0 0.02 0.81 0.16 0.0 1 0.81
88.0 50.0 3 116 31 0 0.02 0.77 0.20 0.0 1 0.77
87.0 50.0 3 95 52 0 0.02 0.63 0.34 0.0 1 0.63
86.0 50.0 1 33 116 0 0.00 0.22 0.77 0.0 2 0.77
85.0 50.0 1 28 121 0 0.00 0.18 0.80 0.0 2 0.80
84.0 50.0 0 20 130 0 0.0 0.13 0.86 0.0 2 0.86
83.0 50.0 0 16 134 0 0.0 0.10 0.89 0.0 2 0.89
82.0 50.0 0 21 129 0 0.0 0.14 0.86 0.0 2 0.86
81.0 50.0 0 19 131 0 0.0 0.12 0.87 0.0 2 0.87
80.0 50.0 0 17 133 0 0.0 0.11 0.88 0.0 2 0.88
79.0 50.0 0 15 135 0 0.0 0.1 0.9 0.0 2 0.9
99.0 55.0 119 14 17 0 0.79 0.09 0.11 0.0 0 0.79
98.0 55.0 121 17 12 0 0.80 0.11 0.08 0.0 0 0.80
97.0 55.0 112 25 13 0 0.74 0.16 0.08 0.0 0 0.74
96.0 55.0 107 34 9 0 0.71 0.22 0.06 0.0 0 0.71
95.0 55.0 26 120 4 0 0.17 0.8 0.02 0.0 1 0.8
94.0 55.0 25 120 5 0 0.16 0.8 0.03 0.0 1 0.8
93.0 55.0 16 127 7 0 0.10 0.84 0.04 0.0 1 0.84
92.0 55.0 5 129 16 0 0.03 0.86 0.10 0.0 1 0.86
90.0 55.0 2 64 84 0 0.01 0.42 0.56 0.0 2 0.56
89.0 55.0 5 129 16 0 0.03 0.86 0.10 0.0 1 0.86
88.0 55.0 5 125 20 0 0.03 0.83 0.13 0.0 1 0.83
87.0 55.0 2 28 120 0 0.01 0.18 0.8 0.0 2 0.8
86.0 55.0 1 44 105 0 0.00 0.29 0.7 0.0 2 0.7
85.0 55.0 1 17 132 0 0.00 0.11 0.88 0.0 2 0.88
84.0 55.0 3 98 49 0 0.02 0.65 0.32 0.0 1 0.65
83.0 55.0 3 51 96 0 0.02 0.34 0.64 0.0 2 0.64
82.0 55.0 0 14 136 0 0.0 0.09 0.90 0.0 2 0.90
81.0 55.0 0 12 138 0 0.0 0.08 0.92 0.0 2 0.92
80.0 55.0 0 14 136 0 0.0 0.09 0.90 0.0 2 0.90
79.0 55.0 0 12 138 0 0.0 0.08 0.92 0.0 2 0.92
99.0 62.0 64 26 60 0 0.42 0.17 0.4 0.0 0 0.42
98.0 62.0 15 126 9 0 0.1 0.84 0.06 0.0 1 0.84
97.0 62.0 19 121 10 0 0.12 0.80 0.06 0.0 1 0.80
96.0 62.0 19 122 9 0 0.12 0.81 0.06 0.0 1 0.81
95.0 62.0 23 124 3 0 0.15 0.82 0.02 0.0 1 0.82
94.0 62.0 6 124 20 0 0.04 0.82 0.13 0.0 1 0.82
93.0 62.0 5 126 19 0 0.03 0.84 0.12 0.0 1 0.84
92.0 62.0 4 130 16 0 0.02 0.86 0.10 0.0 1 0.86
90.0 62.0 4 125 21 0 0.02 0.83 0.14 0.0 1 0.83
89.0 62.0 2 111 37 0 0.01 0.74 0.24 0.0 1 0.74
88.0 62.0 4 124 22 0 0.02 0.82 0.14 0.0 1 0.82
87.0 62.0 2 76 72 0 0.01 0.50 0.48 0.0 1 0.50
86.0 62.0 0 33 117 0 0.0 0.22 0.78 0.0 2 0.78
85.0 62.0 0 61 89 0 0.0 0.40 0.59 0.0 2 0.59
84.0 62.0 0 51 99 0 0.0 0.34 0.66 0.0 2 0.66
83.0 62.0 1 24 125 0 0.00 0.16 0.83 0.0 2 0.83
82.0 62.0 0 14 136 0 0.0 0.09 0.90 0.0 2 0.90
81.0 62.0 0 20 130 0 0.0 0.13 0.86 0.0 2 0.86
80.0 62.0 0 17 133 0 0.0 0.11 0.88 0.0 2 0.88
79.0 62.0 0 13 137 0 0.0 0.08 0.91 0.0 2 0.91
99.0 68.0 9 125 16 0 0.06 0.83 0.10 0.0 1 0.83
98.0 68.0 17 122 11 0 0.11 0.81 0.07 0.0 1 0.81
97.0 68.0 15 124 11 0 0.1 0.82 0.07 0.0 1 0.82
96.0 68.0 18 121 11 0 0.12 0.80 0.07 0.0 1 0.80
95.0 68.0 15 127 8 0 0.1 0.84 0.05 0.0 1 0.84
94.0 68.0 8 127 15 0 0.05 0.84 0.1 0.0 1 0.84
93.0 68.0 6 128 16 0 0.04 0.85 0.10 0.0 1 0.85
92.0 68.0 4 128 18 0 0.02 0.85 0.12 0.0 1 0.85
90.0 68.0 6 112 32 0 0.04 0.74 0.21 0.0 1 0.74
89.0 68.0 6 126 18 0 0.04 0.84 0.12 0.0 1 0.84
88.0 68.0 4 118 28 0 0.02 0.78 0.18 0.0 1 0.78
87.0 68.0 4 103 43 0 0.02 0.68 0.28 0.0 1 0.68
86.0 68.0 0 22 128 0 0.0 0.14 0.85 0.0 2 0.85
85.0 68.0 0 29 121 0 0.0 0.19 0.80 0.0 2 0.80
84.0 68.0 0 62 88 0 0.0 0.41 0.58 0.0 2 0.58
83.0 68.0 1 76 73 0 0.00 0.50 0.48 0.0 1 0.50
82.0 68.0 0 12 138 0 0.0 0.08 0.92 0.0 2 0.92
81.0 68.0 0 16 134 0 0.0 0.10 0.89 0.0 2 0.89
80.0 68.0 0 16 134 0 0.0 0.10 0.89 0.0 2 0.89
79.0 68.0 0 12 138 0 0.0 0.08 0.92 0.0 2 0.92
